5.065235465206524568e-01 7.152736559290896468e-01 1.783590826590355283e+00 2.653061931245955796e-01 2.562463074910791061e+00 1.284427000256936902e+00 7.394106717916704152e-01 1.225070697785776819e+00 1.984117226426757696e+00 4.545494348289334519e-01
2.228482881818837635e-01 7.759451887495551203e-02 1.843665471876219986e+00 3.313189311395710601e-01 2.233072363125434112e+00 8.979927301716107424e-01 9.364261116998391365e-01 1.818905458397215957e+00 1.323493524458371429e+00 8.278158794345366611e-02
3.452276882159838856e+00 1.994720878575069856e+00 5.294527352138692633e-01 2.114293422633762187e+00 1.388245890179734765e+00 1.199658280629265938e+00 1.347793228221505046e+00 3.312500812836190800e+00 4.271509469733463654e-02 2.304251201627891099e+00
5.920092588672348777e-01 7.921925633909115971e-01 2.268981735348921808e-02 8.071057532843962656e-01 1.720462325562011757e-02 3.303856156250674081e-01 7.725833999776179351e-01 5.461384081330436513e-02 5.149227548904919960e-01 2.267071902486311186e-01
7.428695241112952097e+00 4.308501198365173868e-01 4.432592725666271299e-02 8.785934915646100851e-01 2.590216163376227065e+00 4.655292287245232918e-01 2.951018425122178823e-01 5.830934315651276068e-02 6.762692276522222490e-02 9.615425478543073723e-01
1.119421238622382075e+00 3.863827190791995214e-01 1.832886541237294387e-01 2.809652392900207629e-01 9.876357310138086376e-01 4.312991848639313730e-01 2.965058360305604657e-01 4.570560489649074798e-01 3.541215277506777892e-01 3.737186279971346781e-01
6.507610930943911187e-01 2.153667319026867144e+00 3.435093257195463767e+00 1.161794515419734886e+00 6.894011363474725207e-02 1.077162075840180921e-02 1.589606824846176159e-01 1.285884619279430152e-01 2.035979766693160053e-01 9.809047006304756344e-01
8.304118785266959568e-01 7.269088743914550177e-01 7.333356843374809753e-01 9.540166757421094657e-01 1.697965414548466168e+00 9.214904981859544097e-01 4.209937200249987410e-01 1.607115462557013652e+00 3.904109086131025697e-01 1.592587398949289135e+00
2.097819829567497407e-02 3.646834614107928307e-01 4.966794630752058848e-01 1.832715306534036692e+00 4.521259107948540912e-01 4.199167328543028099e-01 1.937005270610049568e+00 2.783715954353656596e-01 2.916844098628969539e-01 1.221900802999794644e+00
1.261864340976431409e+00 9.150863660178867320e-01 8.113067463188676498e-02 8.512148463654369834e-01 1.686857656255451587e-01 1.570558111254537759e-01 7.342722748830204753e-03 2.329640294597402905e-01 2.459032421094687670e+00 1.012704890296310944e+00
2.625923750868980111e+00 4.553336514658887224e-01 1.679932949668446751e+00 9.251583129100745539e-01 1.249216401678084759e-01 7.372644148253764129e-01 2.063020331452068756e+00 2.148899769834597517e+00 1.301867403566868475e+00 2.656034674657588912e+00
2.578448257818412581e-01 1.386635591054570460e+00 1.087405224650783042e+00 1.495619235889328325e-01 1.301260723779256612e+00 4.717155342229226167e-01 1.661139514052091259e-01 1.740167581402849217e+00 4.540606209512127456e-01 5.425824489135865347e-01
1.675759837557133869e+00 4.254043649814980288e-01 1.736829332934167081e+00 8.427004638408612802e-01 2.576940331802054507e-01 3.811648211342031356e-01 2.957579209750022642e+00 9.870742781065339200e-02 2.002786714001976720e-01 3.513688037013019128e-01
2.136557373111111213e-01 1.291445329478480453e+00 8.621885503823354391e-01 3.052380695709014727e-02 2.956254033160925498e-01 3.316804711174885512e-01 4.908840557382359582e-01 2.450270453402189297e+00 9.621978764577239496e-02 2.549178172510532470e+00
1.309229189639320667e+00 2.730878882901377480e+00 2.067998065253406459e+00 2.067414983179045596e+00 1.826718880299527670e-01 9.483807611326280362e-01 1.541757415209652704e+00 2.392244546282534134e+00 1.171527662078994114e-01 1.880233803427905803e+00
4.600079683223908256e-01 7.165064919007158029e-01 1.438519570938665837e-01 9.845791863781079567e-02 1.988634422149109904e+00 6.835429053707494651e-01 3.105642273777075024e-01 6.133001359497922689e-01 8.923728703418436492e-01 8.425067990186717315e-02
1.158251530544158303e+00 3.578316731479534329e+00 6.789002391848296576e-03 5.382599218961889483e-03 2.265365802061236611e-01 5.481986201546985571e-01 9.096483604829685987e-01 8.318877254996084325e-01 3.248428693592972372e-01 8.981906327350830388e-01
6.532933136817544728e-01 5.445039781071492335e-01 1.153935390381073178e+00 2.646484402118469137e-01 8.317006744164128218e-01 1.750072253761754959e-01 1.260901001373061714e+00 3.665526564090630934e-01 1.132219691355925428e-01 1.218804444192971986e-01
1.256915199244791614e-01 1.327007651687951428e+00 1.269071166506541504e+00 9.698386162832358659e-01 6.176474617275398149e-01 1.389346553801925177e+00 1.462564975512391507e+00 7.526853620722595561e-01 2.812278660299963207e+00 8.160854548795449803e-01
9.667406506213113149e-01 7.390581907765829406e-02 3.334368252590095283e-01 4.411028214190573782e-01 9.606775535563806256e-01 7.492000579363163881e-01 7.694884849018808204e+00 1.002032752921241165e+00 1.408420681090439164e+00 2.055561831325101618e+00
1.543868403264508082e-01 1.125860610993444366e+00 2.608534663270812848e-01 6.695718552750142827e-01 8.501110210979326842e-01 1.531681359256495401e-01 1.306509155626582652e+00 8.654945944808051239e-01 7.153120322951375676e-02 1.249460542486321435e+00
1.322612821966602015e+00 6.327322993581716570e-01 1.189259915283273350e-01 5.113570111723938494e-01 7.031542138110463691e-01 1.660068587743177559e-01 3.463385893671978022e-01 2.646639517639835619e-03 2.000203976972461106e+00 3.111102156621422310e+00
1.661163148500206799e-01 1.840626261185008550e-01 1.916745885142021044e-02 5.285112468727377021e-04 2.340286715397965622e-01 5.023854340979281297e+00 9.840573435417373505e-01 4.370521329167633140e-01 1.854240210116069765e+00 3.859978711141385244e-01
6.057045989617345638e-01 6.058492992039685276e+00 1.681018461382352891e+00 7.690859493789161880e-03 4.379122628369062631e-01 1.114369000362391143e-01 9.240087000365598824e-01 9.209146900913914857e-01 3.993858858970226744e-01 4.439657370419845428e+00
7.051476164482260722e-02 7.260891670935882836e-01 2.081117278220864453e+00 1.186546840634995048e+00 4.293782506814127764e-01 9.642156845564376910e-01 4.960479893076923941e-01 5.256536535725228054e-01 1.786906462656027150e+00 4.807003398094034097e+00
2.196080327194067650e+00 3.892848603160105059e-01 2.993270095412373100e-01 3.887780393359057535e-02 9.517293779162986356e-01 9.936392544830603413e-01 3.126023834139703417e-01 6.214892782440283731e-02 1.951698360114243691e+00 9.541233787930947230e-01
7.890124530932361990e-01 6.117034961154410588e-01 2.201684622044099982e-01 2.677128156289461991e+00 1.555164773185205851e+00 3.346403718249666981e-01 4.961822594321058100e-01 1.785972983641039569e-01 1.075342681674522405e+00 2.273223814325635861e-01
4.469026621465851945e-01 1.751415233092945556e+00 1.629146194698011918e+00 2.127929686885023486e+00 5.515686101157658561e-01 9.629140398685586133e-01 7.571120852389660039e-01 9.419574668990322586e-01 1.308375229903962378e+00 7.652431493739677085e-03
1.064730133838101139e-01 3.043441111727814175e+00 1.995343504137645496e-01 6.353957522439087624e-01 3.364798760785784881e-01 2.635343358516039736e+00 1.888651935918356450e+00 1.986407869570814055e+00 2.742149658196759154e-01 1.061116166859965348e+00
3.346752309422716398e-01 3.290240304099950608e-01 2.165161107897466408e+00 1.464171633428146491e+00 2.305814509259218603e+00 2.521115235320052772e-01 1.083012093926873254e+00 4.466901479667945707e-01 2.550150110119671076e+00 2.480766882810308714e-04
2.544859460133837015e-01 5.588838184367661555e-01 2.690706181885969883e+00 3.331326928182479219e-01 8.922029252666329180e-01 8.749392996350817686e-01 5.215871659347456335e-01 1.502854541168854030e-01 9.789255668536067656e-01 1.523093821717006247e+00
4.888272242076114882e-01 5.584872427339935275e-01 2.129873091173221322e+00 3.966354078424614737e+00 1.385902844552177049e-01 6.651928249190926234e-02 4.674545769090976965e-01 4.967383870398476287e-01 6.929253896028492177e-01 4.273768968873083995e-01
9.748590906864204042e-01 1.567319891471766535e+00 5.977160693986685036e-01 4.303806059997807368e-03 1.458502868058121571e+00 4.872369208983127198e-01 5.634470510564088680e-02 1.298055054419059162e-01 1.837173302318414470e+00 6.291149466580463478e-01
1.523872509219824090e-01 1.179408087128088534e+00 1.214751808657672960e+00 8.812780394876575940e-01 3.504918325964967440e-01 3.587194572729643482e+00 4.173724172964309864e-01 2.120472949496088333e-01 1.029808138456393296e+00 3.615583545964226597e-01
9.630555051434933067e-02 9.200737095250991482e-01 7.490528130171378862e-01 9.155713887507536120e-01 1.156153898818319536e+00 2.876994413214047364e-01 1.927067768754446631e+00 9.190063730047279833e-01 3.850101097495475799e-01 1.522597051936508183e+00
1.387473053341575224e-01 6.442046249393598711e-02 1.489787092381039013e+00 1.361758067949241147e+00 3.212332051090480839e-02 1.157465732104948852e+00 1.179893127684860543e+00 1.484522828884768941e+00 5.815583121138031553e-01 8.353546649302769911e-01
5.654660048758934909e-01 1.634119095169864089e+00 1.517313763031634122e-01 2.201974049630809560e+00 8.805736108505118898e-01 3.790710362204004369e+00 3.764202047783062888e-01 5.256057637856024201e-01 4.411174766787458457e-01 2.744956970717904454e+00
1.225773197498051470e+00 3.661206246041359691e-01 2.795176083589847593e+00 1.683253645317147384e+00 4.014075764342261293e-02 6.593018905836798282e-01 1.711989249294601612e+00 3.769406782771331232e-01 4.584657445048850866e-01 1.513575960934253395e+00
2.476640071159033063e-01 1.819295886091862657e+00 5.928265176907592249e+00 8.928761503718437575e-01 2.155227500301045984e-01 1.347574964721085067e+00 1.377950802627944671e-01 1.171415502902396488e-01 1.490022170434621485e+00 1.239877885743423391e-01
2.240643758682276387e-01 1.713219680099026476e+00 5.034442063740371953e-01 7.827524055706234218e-01 1.166289383258311219e+00 5.488669046433648724e+00 1.774443428859828531e+00 2.797205000583175671e+00 1.933505217535651299e+00 8.369730767458815057e-01
3.073339704974585307e-01 1.333664669973157468e-01 1.263891692927776811e+00 1.385915922953663948e+00 1.527121334877989067e+00 2.691937169117629772e-02 1.214143753922236169e+00 7.003010770622428716e-01 9.612182154824171487e-01 2.463331316083549716e+00
1.363978579461804674e+00 1.041565335667874237e+00 1.502027743360740741e+00 2.308299808653913932e+00 7.296009572862188763e-01 4.453947287785773868e-01 2.230252577381880652e+00 1.775850956674948355e-01 5.796527546844064682e-01 1.290294839851830799e+00
5.399311338901325863e-01 8.158560408218317184e-01 2.081271184219380677e-01 1.537486778155988665e+00 4.378106958072276456e-01 2.587472208812644503e-01 9.820371989132113955e-01 2.127118926740772853e+00 1.544847000872515141e-01 1.598281804063242384e-01
1.168193017061472938e-01 5.808694104310350159e-01 1.869692922597958162e+00 4.613280432837210121e-01 2.243860576578352584e-01 2.198613696629248514e-03 2.021652306408956434e+00 1.818180115296499366e+00 1.388207949895004401e+00 2.967065921588615041e+00
1.678747933771970402e+00 4.112237004180240518e+00 2.811319297919236515e+00 6.700881346184893450e-02 9.270247053383119384e-01 7.279440668814605164e-01 3.435061995141580615e-02 3.249897926070032805e-01 1.378385607910641020e-01 4.798760375887037855e-01
2.419415194433104932e-01 4.817324434109109266e-01 1.526036887504883088e+00 1.650690332718051934e-01 3.342192422295568566e+00 1.692206499718767798e+00 1.051757201440964407e+00 8.241929833938977934e-01 9.581179663082062259e-01 3.001753925490576180e-01
9.867266670599867950e-01 1.126159429643128485e-01 6.689404093041075861e-01 2.821359769347077773e+00 1.474287369079787302e+00 2.421392073971452064e+00 4.144799664387816690e-02 4.326077034545507960e-01 1.241876035684406743e+00 5.252101691121321414e-01
3.855862906036043647e+00 3.841494398808170119e-01 3.433747804068249199e+00 2.556082163565296383e-01 3.931684082403441582e-01 1.707803955783058436e+00 1.779864611993701440e-01 5.981002020458667801e-01 1.669435274327941920e+00 2.627621461839260708e-01
1.113043915144387164e+00 1.487183235162224948e-01 1.970108158471972848e+00 3.158830533722546408e-01 1.721754151508481379e-01 5.165735552096630823e-01 1.695081996100215593e-01 1.311551018878020836e+00 2.041620842911391787e+00 2.206689917762839404e+00
5.533876061558533621e-01 1.368756386887457710e+00 4.448305887408836035e-01 2.506136533130738919e-01 1.362445049159407118e+00 1.300236297227030047e+00 1.738799639171156430e+00 1.389605628187653430e+00 1.771493665848257404e+00 2.406028084044200988e+00
4.982479610952768923e+00 3.327339914868111537e-01 3.030994335413330076e-01 1.263546308139649854e+00 2.107858828302255016e+00 1.426818785079332574e+00 1.501902366745530848e-01 7.854991894230346494e-01 1.252385825777770689e+00 3.650835864800977548e-01
7.310016758814729121e-01 1.032045491050637365e+00 1.749942062581773650e+00 4.183165495751915430e-01 1.058989934531834542e+00 8.031997589784539704e-01 9.082793083459508310e-01 1.188941901239923382e+00 4.299836782802121116e-01 3.272867592565595896e-01
1.098129654308086067e+00 3.024954263276808497e+00 3.831651883539952674e-01 7.812323727477011870e-01 2.113632801958736651e-01 1.913737002251569397e+00 4.969989180880877155e-01 7.143247763955645757e-01 5.922813335271245871e-02 1.290853190076479473e+00
5.022470667702637614e-01 2.313288216425455901e-01 3.062083227801050689e-01 9.123071793267720220e-02 3.292338142924174704e+00 2.170353072914343429e+00 6.118078463277994983e-01 1.611523062537939255e-01 7.882690088094532754e-01 2.700400292934623803e-01
1.061241802923824196e+00 9.126723373398389905e-01 1.996056845010758807e-01 2.558264346935617883e+00 3.552493074360014269e+00 5.403991698790889808e-01 1.523795910661232655e+00 1.638183118717528863e+00 1.111410008210210743e+00 1.621147478933020747e-01
2.056691679630059111e-01 2.386886006379718594e+00 2.530744417260781809e+00 1.953166580935586039e+00 3.135231961573347603e-01 5.589069130810647712e-01 2.775356892104213768e-01 4.152845376500394758e-01 1.009029426049404377e+00 8.774149200211008859e-01
2.008075459936180598e-02 8.464327576492574057e-01 3.439477335116259415e-01 2.310786329192282551e+00 6.662645957343891201e-01 1.604262921736103742e+00 1.329968323516381279e+00 7.350424340769030618e-01 1.767666240567003222e-01 1.985585022236377783e+00
1.201990495522002739e-01 7.454488951160116450e-01 1.079979627900307326e+00 9.069555266678936967e-01 5.860947334250739965e-02 4.921186184171383537e+00 1.393074853650811074e+00 1.124869240914976309e+00 3.604651518921644926e-01 3.969014704260528159e+00
1.236459776045269882e-01 8.092083414689537069e-01 5.961474178343740410e-02 1.945405425886244377e-01 6.647030708081654027e-02 5.507780877144589082e-01 1.632705696559613173e-01 5.030787209556228934e-01 2.101502463403057686e+00 1.004440603370332585e+00
2.715041783497681993e-01 2.074850684031475101e+00 6.386878514510305194e-02 8.223931641544808713e+00 2.568718373265518190e-02 1.916173160516541296e+00 4.284150943716228177e+00 1.955829003113540798e+00 1.102981947923238115e+00 2.517525665459136586e-01
4.037370224075520930e+00 1.311887133143578410e+00 5.757675619380611121e-01 2.003822000238510093e+00 8.006413578512091567e-01 1.315556066917570766e+00 5.713165270730572454e-01 4.347826447876319556e+00 1.696938108028246406e-01 2.352629539564056738e-01
3.463099646101848728e-01 1.195168580595687757e+00 3.111805492049354305e-01 3.579361260509844045e-01 1.154118031876807837e+00 4.048928383579976642e-01 2.105343585665445383e-01 6.897146632172913572e-01 2.969522887000211608e-01 3.165457882265191314e-01
7.831344364571076744e-01 9.997944283496255080e-01 3.640508907632872826e-01 8.822611575145323792e-01 3.298641362001257238e-01 1.998879021758932728e+00 1.914981288392365588e+00 5.134225621711872023e+00 1.456934450051423635e+00 2.599006665086341372e-01
1.237364916998976883e+00 2.565105697515199790e-01 1.590821283646065565e+00 2.278191613515432798e-02 9.979516032262092384e-01 1.408714567531325290e+00 2.022029196905823500e+00 7.965402662629353925e-01 1.819920475170630214e-01 5.873619495647628419e-01
3.148884170243090974e+00 3.051154465534367421e+00 9.069396466252810374e-01 9.399232096141605375e-01 8.546797394674559012e-01 7.213091285031971722e-01 1.956935727825188875e+00 3.085242318932744920e-01 4.503533035095736436e-01 1.746987489093436929e+00
3.323599871107644765e-01 1.663457141602394940e-01 1.409895331051004286e+00 4.397326039239701223e-01 2.348830164498777462e-02 1.037399685844432762e+00 1.068457062253105105e+00 1.408059798028720389e+00 1.433230213287820298e+00 1.270233559451285632e-01
1.164721331962112805e+00 4.482710601322048016e-01 3.962045174588001428e-01 5.413976879426138922e-01 2.409548713539063636e-01 8.422017074901083644e-01 1.678076355127708919e+00 1.321086477294543426e+00 1.824087751537221802e+00 6.825451195609486543e-01
1.035552135018427411e-01 1.061354432954350724e+00 1.129097099335260479e+00 6.996520921013726912e-02 1.323169096064101158e+00 3.879415132122814719e-02 1.790505597885133193e+00 2.166377565147141748e-01 3.614698475542431066e-01 2.197081874915917332e+00
4.758651024911993765e+00 2.851097463631537265e-01 1.740179461952354512e+00 1.191938473602514925e+00 6.197537393789533805e-02 1.676190438981614572e-01 1.788157101690143191e-01 2.315377287384261962e+00 2.711165385149455487e-01 5.264815938185881672e-01
1.301744219941292913e-01 1.137045211203538075e+00 1.510407530863258629e-01 6.437285962555789887e-01 1.405960441508670611e+00 1.351285683450682784e+00 1.813155649773832701e-01 4.260886462212026271e-01 7.814883643534775715e-01 2.663327077477899874e+00
4.899707877508834297e-01 4.272995816457479390e-01 1.042365388790757130e+00 2.612424276074807317e-01 2.184506760300227446e-01 3.584822538476611919e-01 7.161968561202143591e-02 1.429200386810640377e-01 1.658243240537535357e+00 6.375492148438662854e-01
2.037504128668669034e-01 3.188412550384455701e-01 1.592543738545424969e-01 1.251047732680433011e+00 1.611180908843407034e+00 6.512955205139310255e-01 3.751660592313058595e-01 2.254282910855401612e-01 1.289954957721874740e+00 2.110030384477884213e-01
1.196162591793863861e+00 1.010815203683688157e+00 1.675460725209594604e-01 1.149483096511220825e+00 2.289875393403220993e+00 9.827843558778200928e-01 2.903247933196151820e+00 8.747464268401345944e-01 3.295899337376140270e-01 2.259339942289728675e+00
1.481987989958262419e+00 4.594666454284258017e-01 4.506655622186155896e-01 4.052927369450476935e-01 4.949391559252109274e-01 3.370579776586837273e-01 1.464448570889543610e+00 1.879821556181405784e+00 1.384637616186895404e+00 6.718205479185859058e-03
1.168405410509202103e+00 1.299020327820158860e+00 4.872769453861706956e-02 4.414535703813859957e-02 9.694545592602595019e-02 9.825817212184235760e-01 7.863581057520043771e-01 7.180819343006354938e-01 7.877382924038965895e-01 4.104054464436229267e-03
1.017388940729895497e+00 1.638989862778949202e+00 5.502129507832408395e-01 3.391259427791846331e-02 4.360932434304895522e-03 4.191005888680835456e-01 2.892723699567979256e+00 2.104476550733944962e-01 8.177918646500692557e-01 1.095764722296038718e+00
2.587539397427258692e-01 2.489427667825678370e+00 4.540100707888756193e-01 7.219404040581360593e-02 7.816737333621426309e-01 1.801380623077608323e-01 2.321421655237601023e-01 2.317499496929215086e-02 2.095748318023947121e+00 7.586612267277714240e-03
1.996428397669197219e+00 5.439571956746941384e-01 1.631183400609648837e+00 3.815286338313992331e+00 5.088377283006620955e-01 7.466726486131340934e-01 1.673577164627063851e+00 1.051320971456193076e+00 2.368428130687493915e+00 4.520033667145514911e-01
1.090066732766972635e+00 2.255035990321462014e-01 3.833269480152434738e-01 7.511260601625728561e-02 3.462827140615888921e-01 9.482567137901293242e-01 8.370926486431710112e-01 1.727800804397580992e+00 6.226641989823573642e-01 2.514182076151422418e+00
9.183018778340754640e-01 1.194272026700900824e+00 2.850212877720388782e+00 1.003218387571744641e+00 9.645667774791716331e-01 7.137146516224801562e-01 2.872032996257019022e-01 1.455290161227973167e+00 9.515832594821742596e-01 4.452321522427516998e-01
1.958667659512935144e-01 2.386643893883815259e+00 1.421869449121572648e+00 7.851377154842025252e-01 3.193939971854077076e+00 2.013231955534256490e-01 2.898085123073954744e-02 4.831596523895165696e+00 1.212430171419858871e+00 1.565431639420014509e+00
2.628376412011355967e+00 1.075862755199458842e+00 7.851983178409004116e-02 2.243705658403754466e+00 6.322686344847795459e-01 4.056718489006698181e-01 6.167417196177448213e-01 8.531865628978905214e-01 4.889925432271456929e-01 9.409710169640536637e-02
5.155823907636652992e-01 4.793188287971917316e-01 1.815139433892436205e-01 5.455412166079890435e-01 2.995383941118908155e-01 1.438649687083917605e+00 3.358768940404413428e+00 3.791989602012513227e-01 1.679526719621986589e-02 1.633522017628093570e+00
3.660169526884163860e-01 4.671634796668693856e-01 2.438949526966258663e-01 6.601827803599291666e-01 6.241033823256147972e-01 1.464125370847535190e-01 6.912294996786947365e-01 4.494873130697819796e+00 1.400339004622395134e-01 1.117620764515488085e+00
3.475086893130547860e-01 4.348033724556413793e-01 8.359974495105413350e-01 1.712282884227868784e+00 1.431230376098245327e-01 2.872914140418127982e+00 6.633463672576844772e-01 2.764381707748893025e-01 1.167779838488235633e+00 2.742608880733808374e-01
2.136294878736940017e+00 6.415706328064549879e-01 2.022382896647210160e+00 2.084007267926433760e-01 2.626756395478794248e-01 6.892638810600032473e-01 1.922649855756357162e+00 1.686711702422128090e+00 1.764729126846268986e-03 2.077863647676736480e+00
8.266324654024852503e-01 6.019862578502583883e-01 5.830420634439007488e-01 6.045557654679677428e-01 9.483269719409391785e-01 5.122555985021342434e-02 1.370473711543058526e+00 2.764594906784841655e+00 3.763309433937556125e-01 6.638748615981810985e-01
2.865669514166848120e-01 4.101001874580406659e-01 1.536615680148926133e-01 9.515169890003868369e-01 2.069513678646773602e+00 7.406437204482126113e-02 7.223714968158227556e+00 1.117394374463103433e-02 2.962806057731809384e-01 2.397110227650843806e-01
8.596557437779640543e-01 1.480065960025157834e-01 3.031984629975142731e+00 1.119054293127004496e-02 2.750435165342871802e+00 1.757406219472226194e+00 6.238212495349726439e-01 1.574704845839147271e+00 2.657860698694670676e-01 1.539940232912725859e+00
2.197174374965350729e+00 7.869340213741629064e-01 3.570749855051977284e-01 3.897332894030116623e+00 1.682401843430985852e-02 3.911426150680118452e-01 1.530389978899211245e+00 4.327503373798752939e+00 6.725315815490370275e-01 7.870526993224339352e-01
2.547690998228236303e+00 4.624652404933427552e-01 1.139754156187059664e+00 1.901095171384153959e-01 2.128710371268566562e-02 1.517587087002716384e-01 1.610043872781529717e-01 1.499459204424133496e+00 2.606139782890490308e-01 1.454663814664196586e+00
1.127416039707126227e+00 5.302987939076564405e-01 1.372844563937112516e+00 1.361201285826847962e-01 2.131110258310593863e+00 2.085286471049107859e-01 1.633211260274937682e-01 4.203963406647289958e+00 2.435073233285399485e+00 1.450098445086880572e+00
6.652953788947768739e-03 1.498870879826225688e-01 1.518211096636636226e+00 7.217634867457577430e-01 4.036499113810245593e-02 2.171817439701515529e-01 1.199554030065366428e+00 1.184774881438611926e-01 5.000241481409647415e-01 3.919663048284404705e-01
7.347495554177527755e-01 2.895963778815559220e+00 1.660577617126538952e+00 4.183955013125992273e-01 8.108142855570178442e-01 1.638207913853412245e+00 1.330513699401554062e+00 5.574022526732844846e-02 4.329335419400011653e-01 8.994641856010791026e-01
2.446282192519496357e-01 5.630482750304934836e-01 2.098848585715114456e+00 4.238352637375260128e-03 1.847311636503080390e+00 1.537003225757226810e+00 4.647276816329207194e-01 4.252485671108203191e-01 4.029123441825984697e-01 1.045233342966460199e+00
1.272143529011441343e+00 4.555894513976696203e+00 9.008027218214257476e-03 6.277942752980254781e-02 1.608561233287007175e+00 3.825300971075152323e-01 1.014118472401170257e+00 6.381847207691477841e-01 6.717958149767336851e-01 5.990708938065327782e-01
4.340569478714636498e-01 6.907340511861264076e-01 1.376321900274734000e+00 3.271431329835169377e-01 6.400860387339704083e-01 2.441167326120674830e-01 1.346994368921049068e+00 3.226044435896261997e-01 2.557764276573860851e+00 8.767582861406821026e-02
2.066556402279179638e-01 7.405435324174242107e-01 8.176150620719352391e-01 8.359226636573902081e-01 1.376368163183074644e+00 6.129872433273277910e-01 9.251579139330232682e-01 1.112987141673044356e+00 4.995390700209883517e-01 4.646792937467175144e-01
3.126758031434322405e-01 5.091595184565276266e-01 3.524757341418496143e-02 2.356592599075220118e+00 8.781963038199943616e-01 4.984247587940386637e-02 1.377993186862981334e+00 8.519906131468358845e-01 4.867181607155160461e-01 1.717017279559330811e-01
1.522754982457944217e-01 3.451487550451089459e-01 3.869553108803815533e+00 2.093578944566440558e+00 1.218885603393259354e+00 7.108682784126654219e-01 5.495853863939147432e-01 3.353962760236700036e-01 3.009255547722504698e-01 4.296898272217368753e-01
