3.941316954760420987e-01 4.132272234929642352e+00 8.625171255494855360e-02 6.269090527317897066e-02 4.427953431720601518e-01 1.135157932006452430e+00 2.587859805612587397e-02 5.964332798427897098e-01 1.329996194752297134e+00 8.802311667180405808e-01
3.818370370481488640e-01 5.714079763111457044e-01 1.513414939886818633e+00 2.305995411615352486e-01 2.534635676993207465e+00 1.661453565745597327e+00 4.877144791724266071e+00 5.994604224878009591e-01 1.100863041908629159e+00 5.092100440968510888e+00
1.793854182642202477e-01 4.661072129382802520e-02 1.758017230017627552e+00 2.031436160823147929e+00 1.482705108761520896e-01 9.469490343030899648e-01 2.360859643482462467e+00 1.017665121885756641e+00 7.614972421478236053e-02 2.100828620104650213e+00
6.208456582472492435e-01 5.236030877696224994e-01 1.841915591791959683e-01 5.302036767197993994e-01 9.558653426710463086e-02 5.653921284505425415e-01 1.650842216664597795e-01 2.455659288407068541e-01 3.035821474424980557e-02 9.485628195061999168e-01
5.708462949508765760e-01 3.198182186231663948e+00 2.459375695327547628e+00 1.165416136151833149e+00 7.567041720587839304e-01 1.116555279861547456e+00 2.067912270736238955e+00 8.418509055536511632e-01 1.372167502296183450e+00 4.800177990966745245e-01
1.574148547492599581e+00 7.630117714397852691e-01 6.286109374088144630e-01 5.454488079547172852e-01 4.825271174252243056e-01 9.626140821671276271e-01 2.588465794972087952e+00 2.507731992141103206e+00 2.016381405613007494e-02 1.289134556357833361e+00
5.267676717363725114e-01 9.978322647788865352e-01 4.883411909981136834e-01 3.319878748655409773e+00 8.023609031315018791e-01 3.546492985326282099e+00 2.460916926332876287e+00 1.286927803907726431e-01 1.040700037420942831e-01 1.229828917072693928e+00
6.941541294468482892e-01 8.480176409678177318e-01 3.132598323780142469e-01 8.950480621089715316e-02 4.402742576223891979e-01 1.486141637866026599e+00 1.725281313427083463e+00 1.490927245857261996e+00 2.431620493055003163e+00 2.227619443690621592e-01
9.249302280545492749e-01 7.789487681608777692e-01 1.694837769414476503e+00 1.845071407113459960e-01 5.185755970270231607e-01 1.378176828820042665e+00 1.094071143328186890e-01 6.945657110785802280e-01 1.108968775111039307e+00 1.153370716455442702e-01
1.177411241155200905e+00 3.309418627973949034e-01 1.523887890687230184e+00 2.105732826411072511e-01 1.974048924831302898e+00 1.469699709064308690e+00 3.602066649747819871e-01 7.597254387412195886e-02 4.990822233653230966e-01 1.003395909487652338e+00
1.995512165261651871e+00 7.748311456823578358e-02 7.177558199675249107e-02 9.905415820450824693e-02 3.021904771323911110e-01 2.097059241331895585e-01 1.644148878321111784e+00 1.742360661611208061e-01 4.540563135559477076e-02 9.277205402863747397e-01
5.076382020831305963e-01 1.264606990126736941e+00 8.893565233331852671e-01 9.785202263661894884e-02 2.064299984418449974e+00 4.882429650471734606e-01 6.259869467539398435e-01 5.795873773614814706e-01 1.684845508004796932e-01 2.626024291442130010e-01
1.505471658541106317e+00 1.344004098784712165e+00 7.893042999692675421e-01 6.915832859442955227e-01 1.478824162453282520e+00 7.891372454285937588e-01 6.224396387275595854e-01 3.902052246358407306e-01 6.520412489351956609e-01 1.259704128543211121e+00
5.391603071685974413e+00 3.918184583045221103e-01 1.595910373313553787e+00 1.315160342901765755e+00 7.223419541036991687e-01 4.519810793022622786e-01 1.648358555115548851e+00 5.239775474844866610e-01 1.513233610359748793e+00 3.017585193794179332e+00
1.936721829819665897e-01 2.947974666731427273e+00 1.673757793419875739e+00 3.074956938359388880e-01 2.393234428477128084e+00 1.081167200417118557e-02 1.694178838895743278e+00 2.816318642027205166e-01 8.808565990329323414e-01 2.691525297818595952e+00
1.425480312996907806e+00 4.783036480710405325e-01 3.063331762460770880e-01 2.956346081334335185e+00 1.746509294213243191e+00 1.073935961633559311e+00 9.984702622827482665e-01 5.529111097126437890e-01 2.660263899553088507e+00 7.195147624688035259e-01
2.129964045187829669e+00 2.392474629397198349e+00 1.271775255757137957e-01 1.724752770539902114e-01 5.634512271214907608e-01 2.754404668832959868e-01 2.623272472713927828e-01 1.289945755748461487e+00 5.953216649658223947e-01 4.942800309744950771e-01
2.828599785189343407e+00 1.031200146245338400e+00 5.712689202703525870e-01 1.454374800967645764e-01 2.212417978698281995e-01 4.171967467861475987e-01 1.108860403293129959e+00 9.774027174285442321e-01 1.111069961186875732e+00 1.584511019843432234e+00
6.415765659202498084e-01 2.124113305373135155e-02 1.628118815613211201e-01 2.075720890189003687e-01 1.361376590771972594e+00 2.242234664545240008e+00 1.973172342356228626e-01 2.803255359480370523e-01 2.955086051543061476e+00 1.072555248958870777e+00
5.336206244605596893e-01 6.100943924108479521e-01 1.443732258900423560e+00 8.872909815350605855e-01 4.812555207189692791e-02 8.936767366561445547e-01 1.042221160663347135e+00 2.564010719929721294e-01 2.671352073251935244e-01 1.747988762240123339e+00
7.904820526157904648e-02 1.642138770045772911e-02 4.845041716290822420e-02 2.444299671925827866e+00 4.162054422739414755e-02 7.539430185548124941e-01 2.429425744196082260e+00 4.300600687384163734e-02 6.104522474643728769e-01 2.060169821199136386e+00
5.790926483416450887e-01 1.153228087474726486e-02 1.533981196408617187e+00 1.880989589770312165e-01 5.156999409101603593e-01 2.457833184718564157e-01 8.940173758342190302e-03 2.962380559149177639e+00 5.595189989012824272e-01 1.027168628648643250e-01
1.618094311318570289e-01 3.241610392716938183e-01 4.519143935320941163e-01 4.951430555697217128e-01 1.463317677174408971e+00 1.786195803737536059e+00 1.319620890644052358e-01 8.726524913710258513e-01 2.353302407921392669e-01 2.134104033635360498e+00
1.962279637473676452e-01 1.818635244531397355e+00 1.378581283735590135e-01 1.442450617932420909e-01 4.869633814547493778e-01 3.059375211158005814e-01 8.793695328456144766e-01 1.611026865431200994e+00 1.458822736300862566e+00 1.897771668009726465e-01
1.150441447237691289e-02 1.200731704035757491e-01 5.006648135896386576e-01 3.040242164583475959e-01 3.565877687135852736e-01 3.072050964022215336e+00 2.337170857307893923e-01 2.235150556571160685e+00 2.634505806166067110e+00 6.031989002232205355e-01
1.811308690467733351e+00 1.438664630680062673e-01 3.857777361825527884e-01 3.063417949854058131e-01 8.600569357950418325e-01 1.187234474795667349e+00 7.656362705260081336e-01 1.210417208566225700e+00 3.629162475282813105e+00 8.012812536453760570e-01
3.857511322402633613e-01 1.858966891024353973e+00 7.425609427678238061e-01 9.038076783632368327e-01 1.615623715092545210e+00 1.483210849514045027e+00 1.200014234702041049e+00 3.614471231062774681e+00 9.135179996182999362e-01 1.470304057966180578e+00
1.107877746411547237e+00 2.504334385710354494e-01 1.168645824925813814e+00 2.180809554715406051e+00 1.337483999499562426e+00 7.948226466228106579e-01 6.457192977764092401e-01 6.781948274763788254e-01 4.771507716855432069e-01 2.120939681109209329e-01
2.768347300270099787e+00 1.198061491387922173e+00 9.258330957805360750e-01 1.494001163720955594e+00 3.016383901168656401e+00 6.558225682067134743e-01 5.694772584277384420e-01 8.628425227353937466e-01 1.800870511836032195e+00 5.082521667146947530e-01
3.269849859295697603e-01 2.683179848551720537e-01 2.968212818633488848e-01 3.779147382300882541e-01 4.117549137779514812e-01 3.725343779263069754e-02 2.794912863113369408e-02 5.097636463409441765e-01 1.111579567304768756e-01 5.977963425570558265e-01
2.489435890647107852e-01 1.874954421670063931e-01 1.990800019008871213e-01 2.193185113288345978e+00 7.582628421546432351e-01 9.877847397848912303e-01 1.023626833084035681e+00 2.287475201950402326e+00 7.260360075845021521e-01 6.764382098278155508e-01
2.691705733770760611e-02 2.329575323313198484e-02 1.843577685186845727e+00 1.780567133151252701e+00 1.197978027546674040e+00 2.298699930289035187e+00 1.246317204930419864e+00 3.808275383651378743e+00 1.074331113783971031e-01 6.662038941968030370e-01
3.846516794061625999e-02 5.950324048798937282e-01 1.040121141115304626e+00 1.790212759448564783e-01 9.401736880166886579e-01 2.395693898862064630e-01 2.140702859991546192e-01 5.768062728584221199e-01 7.887836260427415480e-01 2.655855785767078370e+00
1.019626013538861731e+00 1.861342499996257727e-01 1.123723365103172611e+00 1.021345821882097882e+00 2.414964239108109700e-02 2.320703403976605905e+00 8.198503972319400868e-01 6.774089481609592289e-02 2.926943864452787647e+00 2.298326777370941709e+00
4.458263685099843054e-01 3.455312682848848294e+00 4.592618677807740468e-01 2.131511645094703589e-01 2.567650103406144968e+00 1.301183892127908859e+00 1.729185332078975179e-01 1.989721933397076814e+00 3.594597749089926270e-02 8.115108912478271597e-01
7.622350817714601545e-01 2.731503860166590414e+00 4.042081769982104889e-01 1.088154874124738658e+00 1.069884480519900150e+00 2.028031745192291790e+00 2.893304830815610074e-01 5.323260847319989386e-01 5.407060791443579761e-01 2.237745236024827555e+00
2.617121806042290721e+00 6.247720668709646485e-01 1.671055135075530718e+00 4.315446746748093920e-01 9.481910325610640733e-01 3.658314431466902494e-02 2.355250345195377015e+00 6.499898248949531609e-01 1.235579713625297935e-02 3.771675051388472255e+00
6.376166559963910574e-01 1.981946497575471922e+00 4.795755091276748261e-01 3.513115105248548087e+00 9.271126907408721030e-01 4.822961767169491321e-01 1.355918017452923952e+00 1.102860417012080152e+00 4.012916190421400575e-01 5.933633039323948921e-01
1.291550697824114691e+00 2.239261657171209396e+00 8.818741037463019294e-01 4.005504417275943529e-01 3.936815900456887979e-02 1.041422509991371204e+00 1.281359682044478143e+00 4.418463819242559154e+00 6.168619661870422544e-01 1.307482018205629926e+00
5.543079598580151757e-01 1.848123789786105142e+00 1.535977553478333979e+00 1.470893706917798249e-01 1.653918296950257771e-01 2.356005052874847461e-01 4.696910887629759390e-01 8.198946866502625497e-01 3.265097854726940696e+00 1.517457324789732720e+00
1.419915694630208725e+00 1.267685772244667275e+00 1.035308764365406864e+00 2.284450114748816762e+00 3.634969596254403967e+00 2.656228229328435608e-01 4.090255363937270183e-01 2.652750751833912624e+00 2.481093223014584348e-01 3.894721776901918231e-01
1.927382795172537966e+00 1.428706376058094918e+00 1.694670735608700296e+00 4.338924391961226368e-01 4.235528050050187510e+00 1.569716607047512147e-01 1.689465542266248288e-01 5.947172583575410787e-01 3.514240639951017875e-01 1.750741964566272513e-01
1.675807678173435455e-01 2.130149510095951104e+00 5.200582086240630453e-01 1.960461280770820491e-01 1.130733465863448028e+00 1.155680341393345190e+00 1.557587046668722497e-01 1.511783765128927204e+00 9.707579469451244059e-01 9.866616353513618654e-01
3.081380680162288388e-01 2.021816233406523167e-01 2.186827040764836916e+00 2.629288900989163125e+00 2.995711673099503512e-03 1.316856322950834324e+00 1.721042602865044124e-01 4.640400999523514258e+00 7.505767948671050460e-01 7.786177680109979127e-01
8.816019501915564605e-02 9.695305672352181325e-01 1.325225131234434972e+00 3.741991805289747730e-01 2.914954060482246589e-01 2.354777339613775222e+00 1.247493729298325915e+00 2.439363322557630109e+00 2.149973933652021274e-01 1.355971881131767143e+00
4.295549807782547691e-02 1.409226799000238506e+00 8.813335570962674836e-01 3.901474609117872583e-01 1.944131915186841086e-01 1.471277810611976600e+00 3.783033598567703271e-01 6.847673166532410871e-01 4.123697188619067089e-01 3.242365740157556186e-01
2.778335529813098947e+00 2.443804328295634543e-01 2.719240877142509727e-01 2.329618904745126784e+00 4.729956196058334728e-01 9.290921751105268855e-01 1.003106502973771241e-01 1.110417425877837871e+00 1.674313662011609749e-01 2.631084151736489130e-01
3.980439981860700027e-01 5.766595295767200646e-01 2.405605000724274634e-01 3.808887044422149870e+00 1.376002477897559473e+00 2.922754667296325159e+00 3.042028717909103230e-01 3.104964347941793767e-01 7.771312842476971738e-01 2.301314349248309910e+00
4.230846226668302235e-01 5.116465831233866224e-01 4.984454315560159721e+00 2.217608455139726598e+00 5.684185736257365562e-01 1.922160520395595484e-01 5.119332948835528807e-01 3.141303434404804640e-01 5.580744942172105594e-01 3.025475844041253803e-01
4.388103695351199263e-01 1.000508507349143206e-02 1.880897463543327042e-01 2.110305206653043386e-01 1.704069340047301928e+00 1.065558527487066171e-01 6.936059380208905445e-01 1.564634332246044979e+00 8.077142711258110674e-01 2.115505109931425931e-01
2.538365696735895849e+00 2.633710837958900819e-01 1.604205640066524718e-01 6.760516008037488200e-01 1.685121882121574655e-01 9.314499646612485195e-01 4.595514966105199717e-01 3.680104803635023819e-02 4.902248993251796527e-01 7.873157958208930607e-01
1.127377139732761435e+00 2.412679301900205520e+00 4.160533432199071235e+00 8.720471183906963741e-02 4.118091091734688361e-04 3.467776561968952675e-01 6.436533167582739745e-01 3.173440515347822899e+00 4.121605440629828365e+00 1.021368829179590154e+00
2.102493278004803068e-01 7.370500413773521942e-01 1.507256183546772377e+00 1.519701385218342082e+00 2.268564466787273970e-01 7.688315034545011306e-01 3.019939589827644877e+00 4.919660923668153218e-01 4.921498005884733518e-01 2.825103055101556127e+00
2.706806694871115582e+00 8.510449448554368024e-01 2.480432989072026695e-01 4.523455432859700975e-01 1.757234212610446766e+00 1.262649977198996964e+00 4.712429292202052755e-01 8.911716632284713002e-01 3.164175462601397926e-01 7.980475074464769003e-01
4.013251730731829947e-01 1.361194708667386788e+00 7.320729081292737250e-01 1.944190596029920781e-01 7.919038533262781066e-01 2.075181830933034433e-01 3.780347464075137220e-01 5.313250052491599318e-01 7.274849029466538830e-02 6.699854682792085736e-01
1.102193146269381696e+00 1.085034657125234364e-01 2.260945656120493030e+00 4.410063480371493760e+00 5.605750651013580166e-01 2.799471648221848463e-01 4.904318457099979822e-01 5.046633807444572462e+00 5.496494954090357377e-01 1.665486841884711744e+00
1.807998802465297761e+00 1.024315681882882689e+00 2.572176942215892437e-01 1.895198885683607282e+00 5.685370006174407242e-01 3.558322597922526365e-01 2.320498896382285625e-01 6.330427394527502472e-01 6.123086724131444197e-02 3.110954051826954059e-01
9.587998161198350022e-01 1.752955304395439118e+00 1.056920886559334083e-01 2.312898090624184277e+00 1.545485505661488013e+00 1.858054655170741643e-01 1.152884305264176401e+00 6.165735018449993721e-01 3.149805635540571025e+00 3.162304453185456610e-01
1.424769368950190795e+00 2.933644496950582603e+00 5.356480773973833209e-02 1.148307114757265573e-01 1.030389848301614064e+00 3.392070746015523053e+00 1.531038954179112954e+00 3.340916292488083639e-01 4.774846190840304594e+00 3.659358211521919646e+00
2.792533530659212504e-01 2.252764931647149194e+00 8.399290255803544269e+00 1.910058360702124425e+00 2.347703735773388978e+00 9.485796604559074696e-01 1.406294309567121870e+00 2.272233398884363709e+00 7.430340904918155687e-01 3.999141673641973815e-01
1.036392941695549741e+00 3.697774828200703356e-01 1.407900947459676255e-01 1.717656901747184606e-01 3.422443475010047198e+00 7.038044493550905667e-01 4.714250201665731943e+00 7.802777721617434326e-01 1.438114239497177538e+00 1.106118747234836053e-01
7.748273076971205764e-02 1.370257134460024284e+00 2.304955876287164140e-01 1.742381849496466906e+00 1.236753151183586641e-01 5.341884969401949901e-02 1.909762231828266543e+00 2.424267166252709327e+00 1.178916263685860999e+00 4.758259730871226001e-01
1.041495173684312103e+00 3.617239835611612553e-01 1.427457708493102384e+00 4.340465024735799815e-02 2.634268765518515965e-01 2.091844523881401519e-01 1.001824553351394087e+00 1.722860238861240456e-01 5.881473247933541662e-03 1.435503462690213283e-01
1.559077643121214107e+00 2.470436675257949577e-01 1.750811852009400926e+00 1.183402501357782688e+00 7.274710304482756573e-01 9.532978440507470230e-01 3.683185854419750438e-01 8.733197234782139606e-01 1.552891149789964453e+00 3.478290978843604497e-01
3.717631908767551341e+00 3.352292998066770391e+00 8.395218246081775915e-01 2.647408164908552908e-01 1.738334124831087679e-01 4.552237559522989141e-01 2.619223659620101952e+00 2.732472564782509217e+00 2.914361489817444140e-01 1.155500359859949588e+00
1.456939429895535820e+00 4.286761887418128469e-01 1.157119336294730183e-01 2.230562776749666298e+00 1.051771708474481093e+00 1.465623433546202614e-01 3.788820202680381333e-01 1.537830459176456444e+00 7.228362121401467055e-01 5.265891970124445542e-01
1.366180429993802958e+00 3.500903909542131265e-01 1.938221297255556141e+00 7.175343201239221536e-01 6.982170686750687194e-01 3.329655288265548352e-01 2.454928182304379203e-01 2.146194170322401062e-01 2.275624899768330725e-02 1.092137992198189078e+00
1.024149958018800155e-01 6.091931049541309262e-01 8.983918018975465269e-01 6.220084510079322282e-01 1.257834326017395421e+00 1.081113497783704691e+00 1.747977441728724379e+00 2.173808333325392972e-01 9.604664223209660179e-01 5.924103212585761780e-01
1.382730152330830242e-01 1.630262814589428233e+00 1.556359150700483973e-01 8.007256212431547171e-01 1.802191318018536270e+00 8.591401308991684083e-01 1.066679887385308528e-02 4.195326334246995081e+00 1.462367222570821079e+00 5.002289151114990950e+00
4.544424605919517468e+00 2.186063970035303505e+00 5.915185413078490884e-01 1.133569614544191334e-01 2.183589768721363178e-01 2.276139755295325973e+00 1.296388355598556252e+00 1.032273337065099938e-01 1.472812647873758207e+00 1.335465406878029837e+00
3.982384958633225155e-03 1.705194906865674653e-01 7.889471318014947832e-01 8.108732275185086547e-01 4.617901367411244573e-01 5.688435757666167047e-01 2.369756980433820992e+00 5.953875060653051055e-01 3.805195666889120698e+00 3.284468088738579983e+00
2.043411954548896847e-01 1.033889623345914666e-01 7.490301834201190667e-01 1.177542350613122180e+00 2.701818605138883167e-01 1.364231572227863620e-01 8.523583941827766325e-03 1.711058426113736819e-01 1.271270536481167834e+00 1.177301673590700259e+00
6.103980700814033433e-01 5.599870246566364118e-01 7.399942988848279279e-02 3.921818453557129325e-01 2.396769102739160218e+00 1.312054652170709268e+00 2.528603218161530108e+00 2.933938428550665889e-01 2.260684603733137177e+00 1.454697583358805391e+00
3.110334206529024592e-01 4.538231978017361889e-01 3.552553583911040591e-01 1.346551844415237786e+00 4.458946426322883683e-02 1.606618521889157936e-01 1.745592544929230217e+00 3.422991460431220823e+00 1.429595402254280057e+00 2.701190456416357577e+00
1.659320555637659123e+00 3.837533858946809318e+00 9.598014462943339764e-02 2.295022080767676886e+00 6.704557646400428894e-02 5.358578776162804536e-01 2.050626362657125057e+00 1.100704179122766080e+00 9.760670255416390440e-01 5.326688221446055138e+00
1.338394175156407961e-01 6.054257935186750927e-01 2.115611689794265893e-01 5.642543171374925226e-02 2.816090306585577671e-02 1.961499804276541470e+00 1.041343775121751580e+00 7.600352373430472319e-01 2.864673116722896706e-01 2.830108279408196648e+00
2.223135235555234956e+00 4.470940015014842617e-01 2.542281106980415206e+00 2.124626448843614512e-01 2.481472797493951443e+00 1.584634987269765150e+00 4.877093903174383183e-01 4.201738192137434158e-01 3.334484524585095699e-01 1.425280272733514264e-01
1.710690399822769325e-01 4.493127266963878874e+00 8.800719588068854904e-01 9.074141950396712453e-01 1.736112401046396414e+00 1.295434897334062141e+00 1.527787939732770495e+00 1.760167858060827650e-01 8.018597915415911492e-01 1.625970629489265962e+00
1.709643651871128045e-01 1.965914701705289591e+00 1.941743602055420181e+00 1.915015512655110774e-01 3.435079059517233691e-01 2.689238467335740568e-01 4.158998218827897331e-01 8.525776536656625160e-01 4.346747655981416103e-01 1.391008523202929892e+00
4.899651662892378495e-02 7.209898925408313453e-01 4.621241494249194726e-01 4.303357942983954132e-01 1.622753690794341563e-01 1.373385915735080731e+00 3.257517780736213786e-01 3.896706946482941802e+00 1.546209268909479295e+00 1.077376868030703205e+00
