7.716813548285668567e+00 7.423689152378498690e+00 4.285151208420944435e+00 6.311487887899339455e+00 6.657071180921922959e+00 1.303169124940732182e+01 2.263348437628408760e+00 3.309032299646719633e+00 3.739364694086960927e+00 5.621402431257271459e+00
3.074844976094886828e+00 2.303764984316323261e+00 2.515295899457283824e+00 1.120622963164750097e+01 1.475562833834443532e+00 3.971929134873832812e+00 4.048873775075765735e+00 3.068937505515193731e+00 1.642809152040398235e+00 4.339877858067661798e+00
6.236677680158138060e+00 2.746855256190136263e+00 5.117814676338489299e+00 4.404170062046742551e+00 3.234124648998004670e+00 4.779420876481288438e+00 1.882810815374370783e+00 2.224847863342028997e+00 1.603091782056628389e+00 3.178084873567998958e+00
5.770988628265802944e+00 3.633938021502019833e+00 3.593818396089284661e+00 5.025913747598943715e+00 2.598204263700305106e+00 5.558295874535745362e+00 1.408302483103909930e+00 2.049224826390387388e+00 2.457379462170372619e+00 3.514907218002593758e+00
5.718176333608017359e+00 4.888886628537622236e+00 6.762935180431626669e+00 7.244635220334837200e+00 3.441966418747933520e+00 8.924989271950016345e+00 2.181565344867305800e+00 2.651073415107497055e+00 3.029813867165946473e+00 5.318516982412405447e+00
2.556884272540477010e+00 1.529411924757207775e+00 1.491224364006818348e+00 5.423639620471138123e+00 1.509346052919317671e+00 2.962877254018860373e+00 1.976751974135410039e+00 1.747728395790851375e+00 1.050808102586755277e+00 2.445786821137365674e+00
4.934453823491708135e+00 1.915027464808233049e+00 2.119564116332301573e+00 2.413884090117329961e+00 8.967570446740921186e-01 1.763956026220879325e+00 1.783163066438548383e-01 1.265613983011898203e+00 2.260535007397485696e+00 1.834405116942782410e+00
1.298884369927881188e+01 5.042163539916094450e+00 8.249387465780557704e+00 4.864046360570987382e+00 6.673604541138582924e+00 8.743973789517889728e+00 1.934318927103336971e+00 3.599029621741172136e+00 2.560696739049474591e+00 4.623285888864940851e+00
2.642523497258407517e+00 2.008091665205677057e+00 2.194432828764558252e+00 3.713854040498655529e+00 2.006990489758976981e+00 3.856244811906429426e+00 1.446414238791292606e+00 1.512348991410908505e+00 1.149984930995443300e+00 2.528029466318493679e+00
1.031369809004670302e+01 7.928227344159333612e+00 7.629627680785258548e+00 9.024536570607708086e+00 6.112250655940797195e+00 1.314429051101231316e+01 2.999241103900585514e+00 4.066314159740683998e+00 4.471252786804489787e+00 7.198901507830887780e+00
1.784052995570739153e+00 1.102984329957908294e+00 1.740509486369537839e+00 1.467926415937871543e+00 8.009760251770887685e-01 1.844674043424475052e+00 2.795527015649685310e-01 5.791966080129040684e-01 4.619546406809099670e-01 1.149767190143455631e+00
5.253147712185565865e+00 1.966268596270228874e+00 1.860782846825628667e+00 3.834092771493447405e+00 1.209059653703718817e+00 1.969639999642653905e+00 7.230761701724753854e-01 1.527436533621935766e+00 2.250334021037478482e+00 2.006493398771278525e+00
6.254672448184890321e+00 1.732191837868723328e+00 3.449014252439422279e+00 4.928706001211500265e+00 2.326961215952090267e+00 2.834191059009424141e+00 1.865680176232687115e+00 1.982220900669283248e+00 1.430646423653254784e+00 2.494881197538489914e+00
4.866632284652449236e+00 1.992552131183570552e+00 3.905732711731567441e+00 5.983038580028066988e+00 9.901218836016376645e-01 2.720090632471295677e+00 1.625129949960927744e+00 1.915636683577099264e+00 2.188739628348062460e+00 3.200634614377507514e+00
9.678668992349827249e+00 1.977150422242514916e+00 4.124301708787935006e+00 3.133318211452158053e+00 5.018040775186217495e+00 3.695552119582144801e+00 1.528925829254887514e+00 2.662631398232695457e+00 6.958676500412516175e-01 2.117600163579520522e+00
8.275305673313255284e+00 4.243955255742436705e+00 6.518592755030041985e+00 4.419205249666180002e+00 4.262594292120557071e+00 7.260963786450640001e+00 1.618888024101417855e+00 2.477243536895548992e+00 2.422403024064332833e+00 4.192644648050854350e+00
4.900621318374779101e+00 2.586397416765293666e+00 3.994898100360848137e+00 6.370704416906537659e+00 2.707123351066751393e+00 4.794993307166024898e+00 2.359980547977762022e+00 2.429443135033142021e+00 1.815898458075161592e+00 3.369454939165331009e+00
4.312712931595343413e+00 1.042885299698624202e+00 1.913747811297754398e+00 4.547835873929266803e+00 1.535355958463208603e+00 1.487017743159800620e+00 1.728214367255756390e+00 1.917601670336098740e+00 9.920650499226431052e-01 1.830097220487630461e+00
9.975817355291686894e+00 1.625728826561583906e+00 4.351701652393693109e+00 4.110243367466247300e+00 4.710109694766896560e+00 3.236899671021371994e+00 2.204224324396136137e+00 2.989960732731623327e+00 6.384688423719286909e-01 2.112960987787650513e+00
7.520648943335852543e+00 2.716718264517075099e+00 3.200335061677823223e+00 6.199013841939886582e+00 2.665725264291392893e+00 3.515428939694658972e+00 1.828885111437146938e+00 2.628750821574466379e+00 2.401454259560693139e+00 2.981078407679054632e+00
