6.721524410506479086e+00 1.986091914149154869e+00 4.155586077221151697e+00 3.211272761610208804e+00 7.549965929750043436e+00 5.564432438062302921e+00 8.172670839133484577e+00 2.289308458860644269e+00 5.051611730947017875e+00 5.904494847067506491e+00
3.949624678711379122e+00 2.971452777344906870e+00 6.716612299566502742e+00 3.473429120883926746e+00 1.021025086959367911e+01 4.178774908734142812e+00 1.081703352035513177e+01 2.924428783643987284e+00 6.697842911701364699e+00 3.873725373441575304e+00
5.003623771043407054e+00 3.172241048755423787e+00 4.878538727659909924e+00 6.354771686235875627e+00 1.388760138707825043e+01 4.128174007324300732e+00 1.526779336182452695e+01 2.730098688207948321e+00 6.648329037624011839e+00 5.845356400032597932e+00
1.054296118079130196e+01 2.322956464362392115e+00 3.963932508853865944e+00 4.352547067671994618e+00 7.901310944831259953e+00 9.527654558021787068e+00 9.278982282879246313e+00 2.371252880861582035e+00 5.911112172730761394e+00 9.028719934726220586e+00
1.645832234497973801e+01 2.002411199252169816e+00 5.554667488886893878e+00 5.816711414906179378e+00 8.311599580749659211e+00 1.418806149902499314e+01 6.642451475338333466e+00 2.162042565131264471e+00 7.055739069084438597e+00 1.324694915613529567e+01
6.098818146515878169e+00 3.482747931445498768e+00 4.461690540702087482e+00 6.475170372568997301e+00 1.409760393360000563e+01 5.314483893658100477e+00 1.688809775589994189e+01 3.066782139612496572e+00 7.006634338567348408e+00 6.861745998412488667e+00
6.160873798698922599e+00 8.827683777957709976e-01 1.671973005158979397e+00 1.169083227625964394e+00 1.791060666856871153e+00 5.765885432928270937e+00 2.639163919796511770e+00 1.094468327802978092e+00 2.559557170790302649e+00 4.807629033563250331e+00
1.026042639361251219e+01 2.028607393423576433e+00 1.297817981599751924e+01 6.483805387656517816e+00 1.631990102898959805e+01 4.993835295294568155e+00 6.696533036651294069e+00 3.332569585569713944e+00 9.370519609205835820e+00 8.196716157681180448e+00
6.109672107319394918e+00 1.209253066955065403e+00 3.239487294568653475e+00 1.508238118776494607e+00 3.600674974158154296e+00 5.411570408752409023e+00 3.712029962080860557e+00 1.579724114997979267e+00 3.570940553577702126e+00 4.785966656188259449e+00
1.050983170156594326e+01 3.152324671278070589e+00 8.466757898553034067e+00 4.095212239475602090e+00 1.169880050647603653e+01 8.487204718872801479e+00 1.148684090761198107e+01 4.065897995144748478e+00 8.658288671601777509e+00 8.736024439984870327e+00
5.599168828298433098e+00 7.840124758296939111e-01 3.198399205905733123e+00 2.041003801302383902e+00 4.294224450976353857e+00 4.022360522567248964e+00 2.799346872433990718e+00 1.221404432462704914e+00 3.092923104477764529e+00 4.462649278004344744e+00
6.630277620808001871e+00 2.644109973187663165e+00 5.636316445093245697e+00 3.327605591874494895e+00 9.211676811986254876e+00 5.786798113923413034e+00 1.031617959679921981e+01 3.013013700213679869e+00 6.352458722190096552e+00 5.901240148638419392e+00
5.329715881661817534e+00 2.068679421796220108e+00 5.068044299810742892e+00 3.577938543488028422e+00 9.540782300968391638e+00 3.498655339075653181e+00 9.244143097090640637e+00 2.567099621632318307e+00 5.397657472067973750e+00 4.991167543336883838e+00
4.583761300166022679e+00 1.088137173274300817e+00 4.097799500917634674e+00 1.743920411782472257e+00 4.663932088999005465e+00 3.579214221555901965e+00 3.280784395942646370e+00 1.473951577221109366e+00 3.588297598430873592e+00 3.598988199119370179e+00
6.484188989124834990e+00 1.423843117803063940e+00 7.427625054044753483e+00 4.286394418470326428e+00 1.090967449068820017e+01 2.869746452230725886e+00 5.985786672194199021e+00 2.334496609778168086e+00 5.848826184155713648e+00 5.473785751864168603e+00
7.899113397231612765e+00 2.430537652963401740e+00 6.112540706103033017e+00 3.376207901296901959e+00 1.001813643531149367e+01 5.555440629265525843e+00 1.022678783759311472e+01 3.384732078838517122e+00 6.590586545772837646e+00 6.829721697085289200e+00
8.905868361985868731e+00 1.232995749775829042e+00 5.239115649452751100e+00 3.795856379878773001e+00 6.980911056820582772e+00 6.806474042796031299e+00 3.965126985492028133e+00 1.584843408638049844e+00 4.939604807039462031e+00 7.126340594414370067e+00
1.113582824606843147e+01 2.391099986357613894e+00 1.039082987017911464e+01 5.601917260401423349e+00 1.280104018970743773e+01 8.203790186644274840e+00 7.313925720897002769e+00 3.045502946608933836e+00 8.684926817345512973e+00 8.912682720456331253e+00
5.277029561529159807e+00 2.101333292253282359e+00 3.935147458800531961e+00 3.655399574771402538e+00 7.914292291522858847e+00 4.893962937710247374e+00 8.608657941121443002e+00 1.946165080542173742e+00 4.865061738502408417e+00 4.973697323604829634e+00
7.159257372511689255e+00 2.740759870799428732e+00 4.367072471972854864e+00 2.820465767854253514e+00 7.611557311078169796e+00 7.058643098669226568e+00 1.060057630078126323e+01 2.960973511781554990e+00 5.969709935881673424e+00 6.323012800974439962e+00
