1.762243019419684753e-02 1.321270934423491583e-01 1.663811490322981979e-01
7.933837651738343544e-01 5.778986460435427963e-01 4.116548563173564323e-01
7.977322778268333359e+00 5.996877058683056649e-01 2.172330024100603385e+00
1.807651464458734258e+00 3.924980615395576855e-01 2.778182310364066820e-01
1.593757871634340351e+00 3.394042516961540912e+00 9.072028379523928709e-01
2.093343471462961514e+00 6.836798902277753109e-01 1.532200291759152622e+00
1.179280730681809830e-01 2.423503525577747730e+00 1.889614125494418984e+00
9.829905845413962062e-01 1.384694971703795741e+00 5.254352607504424455e-01
9.924006776372212846e-02 1.502039016893165491e-01 4.496341109450122109e-01
4.669362496785977257e+00 2.560520267805854733e-01 2.740721474454647755e+00
7.759088642839496730e-01 5.931891978485129835e-01 4.032289722242375696e+00
4.816449173296697556e-02 9.926592206974192700e-02 1.250795791487897990e+00
3.081880361300390891e-01 4.324827350527507441e+00 3.251960834544424528e-01
8.211176544520351617e-02 2.256336907161962113e+00 4.427935939829342971e+00
1.722448575170647603e-02 3.197255691297389846e-01 1.911223002664728332e+00
7.888823828516288231e-03 1.997201919179219631e+00 9.938744404728243331e-02
4.162933759735569506e-02 9.423552039349125664e+00 7.543140365379074064e-01
7.558336993662241321e-01 3.863308162714931826e-01 2.622711496443047019e-01
2.380311067549309156e-01 2.146721072609790948e+00 9.014458714066074518e-02
9.208399445928294735e-01 5.526099644137222322e-01 1.976006587138618709e-01
