7.040107048783271759e-01 2.950094869758875249e-01 1.953013403854823166e-02 3.279960510335225982e-02 4.561000296258413300e+00 5.822458555546033976e-01 1.164249366547197351e+00 1.399956072223587311e+00 1.585415222892297693e-01 3.353557381068505538e+00
2.366699769473286918e-01 5.027343989172325944e-01 5.849236504428185768e-01 2.189556420878148446e-01 2.446954256903171920e+00 1.052555619377421037e+00 3.725130513324463433e+00 3.094699223604632787e-01 6.001703677024927686e-01 1.763711627714086738e+00
1.023589069867580692e+00 1.066121558021005722e+00 2.139279221758415783e+00 5.337436149279801284e-02 2.979899595711494875e-01 5.887143125304474811e-01 1.603952250947717095e+00 4.611232585348017804e-02 4.329616480964481040e-01 4.909960488445312965e-01
4.208112187154680051e+00 9.041474219019859371e-01 2.456994875644629706e-01 7.099580463099764982e-01 5.160510895273615617e-01 2.170583419608838049e+00 1.683317623077265623e-02 7.227389582263102352e-02 8.886774949919272748e-01 3.552022621016221460e-01
7.504537814921727890e-01 4.714136437148798708e-01 1.385566170090700489e+00 8.851075728239896634e-01 3.412885873146811466e-01 1.354886907397742313e+00 8.609146533960500280e-02 8.192393718237294120e-01 3.649745402422583496e+00 3.462375566421418416e-01
1.511775289526174237e+00 9.470966837188307119e-01 6.589165653082978968e-01 2.817370766515435165e-01 8.955415389283886141e-01 2.450483393086693995e-01 1.680074858038118624e+00 1.323815292015297684e+00 2.104513986371984835e+00 4.648749137377725105e-01
5.890398360506813313e-01 2.900084876029818681e-01 1.277423001519931711e+00 1.085038994729892625e+00 4.920824586405931345e-01 5.629087293694841065e-01 4.058112540970963411e-01 5.674480680097271357e-01 3.531566257408400022e-01 8.578073593451625012e-01
2.098142862075594306e-01 5.725044712817323189e-01 9.300520321636566168e-01 4.384140389949555683e-01 6.067230178690774522e-01 1.222681929180964966e+00 5.085520642287925108e-01 9.286853377195256609e-01 2.997855448877232654e+00 1.707236093000668697e+00
6.807299625386038500e-01 2.822779607481293418e+00 2.472540797747255770e-01 2.620937686481877194e+00 5.212281490771153436e-01 3.882929740980536337e-01 1.955986263795947089e+00 3.052105495672966295e+00 1.574599916264740385e+00 9.874179121157538042e-01
1.812266770219620238e+00 1.982061558237485199e+00 7.359862364166048776e-01 9.807045296372113308e-01 3.863758756355328838e-01 2.237148068340825358e+00 2.709844161762302028e-01 3.062305268922144830e+00 3.500679735752249222e+00 4.260920672907477641e-02
3.398366389721550473e-01 7.984801697448306035e-01 2.829864404175009840e-01 1.220980125246978298e+00 1.674162611647709298e+00 9.251318374797432575e-01 4.240956088872315788e-01 2.791180119623684619e-01 2.114469167709441155e+00 1.109365219048905837e+00
4.118473909578102554e-01 3.856648591719138430e-01 8.082055895408949420e-01 1.590808246543532478e-01 2.219601567760198235e-01 1.088805810251518347e+00 2.774049310191564199e+00 4.097903773116612913e-01 4.779915915430755224e-01 1.540733729646983075e-01
4.436936604502898507e-01 2.770919242865867993e+00 4.775423076911969322e-01 1.618943845685834326e-02 5.712400960086058133e-01 3.386078477976507961e-01 2.228294458944405143e+00 7.170959940613337580e-02 3.305981002444115524e-01 7.381074192729748518e-01
1.011991619589658553e+00 1.652469123299827869e-01 1.568680122235575070e-01 2.349868507423008568e-01 5.330610977657453953e-01 3.045400113726769997e-01 8.270854725936359619e-01 9.640668359632222073e-02 7.735228166448249176e-01 2.575822016094399203e+00
2.006913965886909512e+00 2.447374150892265288e+00 1.166973508353917222e+00 5.249418213944161415e-01 2.706806028690877386e-01 1.503203119016994216e-01 1.496552520793684282e+00 2.209683980220786548e-01 3.270030009880734223e+00 5.323911783056796132e-01
1.032277095863239902e+00 4.077702422695230311e+00 1.722540208007731666e+00 1.643835917118008805e+00 3.000956816178109721e-01 4.358874942903133709e-01 3.009077849400580540e+00 4.406907192664019091e-01 8.298821391974693373e-01 9.361587665601631691e-01
7.411472517042270169e-01 2.293392723526173516e+00 4.272929899521156205e-01 6.002087497603972865e-01 1.777693070770494321e+00 2.646454610220442660e-03 1.485484377545974954e+00 3.366832599102564050e+00 1.591512596940303892e+00 8.728763389045390841e-01
3.814171962960559714e-01 1.664863976030261705e+00 6.106998108537049497e-01 2.517639322258399925e+00 2.596014964151901694e+00 1.582559050896874542e+00 7.108299633067856060e-01 1.690767250652415454e-01 2.424402219926555802e+00 1.772391207505943089e-01
1.381885965238843106e+00 1.466628720768204053e+00 1.201125092035055797e+00 1.104432587977496993e+00 1.521940643777960789e+00 5.778658539991030629e-01 9.033156048157108264e-01 5.636671279163152359e-01 8.813475974427608106e-01 3.563094187876165164e-01
1.078660964719425408e+00 2.347677202956524933e+00 2.669915765442276157e-01 3.968847643737955649e-02 4.140673238272285950e+00 6.847582294218257815e+00 1.070739172600263800e-01 3.255428245266105830e-02 7.351054811298277647e-01 8.123797579677196623e-01
9.272373834504146206e-01 3.789753856310000391e+00 4.869769772971287991e-01 5.409008316856350751e-01 9.157800622016620817e-01 1.177261479344009348e-01 1.558324891571475357e+00 2.419212946976739165e+00 1.427789546257298481e+00 3.816730831325844120e-01
1.109582245046524113e-01 1.148918924309597189e+00 3.648015291285654216e-02 1.851111558883455688e+00 5.662187454677754944e-02 3.609984134759846253e+00 1.214928147056388852e+00 6.983070148423384804e-01 1.645544868765554281e+00 2.685303400820912567e-01
1.049757779543036007e-01 1.161002093704665450e+00 3.109835204269765230e-01 4.909539609958489814e-01 5.044074371596124484e-01 1.114079827185494809e+00 1.348961401949766659e+00 3.918047075958699832e+00 6.217447177732238206e-01 8.211829005834678230e-02
3.188100074241782822e-02 3.435731616617693218e-01 2.919308614936546586e+00 1.389005019213347403e+00 2.283143491688041760e+00 1.357355649692833399e+00 2.881059286401141950e+00 4.393009839115398774e-01 2.215773971791826114e+00 4.171107335117092418e+00
1.639702135756621493e+00 3.063229642116096496e-01 2.603002361299677769e-01 1.868528883072467506e-01 1.633616752272681660e+00 2.868649628658014539e+00 5.002208033471938070e-03 2.371708623114500814e+00 2.223631837240909626e+00 5.954861139211510279e-01
1.798657647098433010e+00 1.333173867925123934e+00 1.826352549473707343e-01 2.636390641079936703e+00 1.654235287359818951e+00 6.101291557288657241e-01 1.665090148148247184e+00 9.377554943527665055e-01 1.873733755248589011e-02 1.279150286232869360e-01
1.217878910961906591e+00 4.093882827064401209e-01 6.177990156412108691e-01 5.209560130403757539e-01 1.517191476906681880e-01 2.825901314336992098e-01 1.258351763611979202e+00 9.103385265477710320e-01 1.250155470090078769e+00 6.344138252588785720e-01
3.483285940856323815e-01 4.725727194539592890e-01 3.354426904191254999e-01 6.879358949984636373e-01 6.138814046541487546e-01 7.599414773077102225e-01 1.618568323705430467e+00 2.682608848128513815e-02 1.811492889300516176e-02 1.386012176194663770e+00
3.944365634171079771e-01 1.373691200597345341e-01 3.185006024812770509e+00 6.020076674001135775e-01 2.438593491591808937e-02 1.247728508002122622e-01 1.313416527074463103e+00 4.995417175583967417e-02 3.018476091402032324e+00 1.186965094781961660e+00
1.053589113305354763e+00 1.456903957478577816e+00 4.527805651938896503e-01 5.922496948438621400e-01 4.331841033667771512e-01 2.268028585735475389e+00 7.616668805822895960e-01 2.629698675361581972e-01 4.411954958484136380e-02 6.643157815346816264e-01
2.854702884408689134e-01 3.701788147772772319e+00 1.599724589741507330e+00 1.901961908822314529e+00 2.700425795483074154e+00 3.651044848433750101e+00 1.425727440094810117e+00 7.238864889629231802e-01 6.632897723645210519e-02 1.886723624584952130e+00
4.070995759983850881e-01 3.086582886575774953e+00 1.151788030775541705e+00 3.814134201006839087e-01 6.488323293479648646e-01 5.721265151398284843e-01 4.879837713762185114e-01 2.205185461627941379e+00 1.640879464216886463e+00 2.245712496071860381e-02
4.698800580119850689e-01 8.244429802329464874e-01 9.331262819058436242e-02 5.543978300443175300e-01 1.104007525337453027e-01 1.241690671181385763e+00 2.862417953037293739e+00 1.115337015371104634e+00 3.782871193363243068e-01 2.133970664286372720e+00
2.005324800088619241e+00 1.549483031070795769e-01 2.980430401244138494e-01 4.545664672279975171e+00 1.274120759558662774e+00 7.206678951255195420e-01 1.344856487523816480e+00 1.061211950018548622e+00 8.716076032521652417e-02 1.019435595316295018e+00
3.041357473019910440e+00 9.959110421117947087e-01 6.522322291287017126e-01 1.803288629373259511e+00 1.550492869175600918e-01 1.361650310418999643e+00 1.305396005708341800e+00 3.402390696711459772e-01 1.635388157657843289e+00 2.950014115063228637e-01
4.892831142013151502e-01 2.027347488070444737e+00 2.398106390067189952e+00 4.445812825078154090e-02 2.811889640630859111e-01 1.604142279628541168e+00 1.797526006520418829e+00 7.880793080613088808e-01 8.309859121002595439e-02 7.199741588822130556e-01
1.291235389926462529e-01 7.323722134544428108e-01 9.438291186062519600e-01 1.089810847661059068e-01 7.312758901671407852e-01 1.875138841010257629e-01 7.650263994348466268e-01 2.924809087912768835e+00 3.909897513728389368e-02 8.674672640230519649e-01
7.140247534289052567e-01 6.822176037537155402e-01 4.271507909038245732e-01 1.195326603555266543e+00 2.429608923990647096e+00 2.123155031436516182e+00 9.102195937924902891e-01 3.591300960404904874e+00 1.066220795701233293e+00 1.829458711854885289e+00
2.516001901546930597e+00 2.638174651498436524e-02 2.484943150372420639e+00 1.401433491276190269e-01 2.035513803050613468e+00 1.172999862815186312e+00 1.602732401627447179e-01 2.875763799999743742e-01 5.013523143174627883e+00 9.776651477773481425e-01
2.643156230518659111e+00 1.899562616067096421e+00 8.661703205046040743e-01 1.335101612316482944e+00 2.096028537493254892e-02 6.957101138577996557e-02 3.388051031849598216e-01 5.117749280198529149e-01 1.625709259846379595e+00 1.456648066013669363e-01
8.513364136912309199e-01 2.288497069587310251e-01 1.827332310653081715e-01 3.804281714410276960e-01 5.680515577803386229e+00 4.911610291613037471e-02 4.727773011640704071e-01 1.006109026622423963e+00 8.046804585472150384e-01 1.080516964719016593e-01
4.561909097130667501e-01 4.432246298135786994e-02 2.799219281164214146e-01 1.356720639052147459e-01 3.968554989922216114e-01 7.703402364662581547e-02 3.067963427826505107e+00 7.088988018179427364e-01 7.827519733422809711e-01 3.500241601288098248e-01
2.198370023944629992e+00 2.993905873421268682e-01 1.721790041905876700e+00 2.956744626980474799e-01 3.532004103706230858e+00 2.565246389955167516e-01 7.821612008374270175e-01 4.368862621374918764e-01 1.215741190914583658e+00 3.137828104231896731e-01
3.686026617530058780e-01 2.064247724095857439e+00 1.708049447611463600e+00 8.551727271283044995e-01 1.776132628958390747e+00 1.216710177472993593e+00 3.288800841158805999e-01 1.430252383677876216e+00 9.021550815616439234e-01 1.446009392553964101e+00
2.716870186068031170e-02 3.405393015402998991e+00 2.026918604010299052e-01 3.305666338943068272e+00 7.169855292270501668e-01 1.324791134593337416e+00 4.152102673120656173e-01 5.119992063694959322e-02 5.868047578302267864e-01 1.588817060005552007e+00
8.417613356159292515e-01 1.322618205303411454e+00 6.769884916635793282e-01 4.040445212980797035e-02 2.563847315944959293e-01 5.193919967767116619e-01 1.801349976516316342e+00 1.010702122474716358e+00 1.738896869468341100e+00 1.445387643500136043e+00
8.848717303522317668e-01 5.852720385297386502e-02 1.468639575245764162e+00 6.981766088131394765e-01 9.969119972173077215e-01 1.005100744660274215e+00 1.298642273690757465e+00 7.179095351828045368e-01 4.417834831045925337e-01 1.118891626211955037e+00
9.074705509043494711e-01 6.331648864069884253e-01 3.311977509415636067e+00 2.539830503541618878e+00 2.113148245436610173e-01 1.022998517280321318e+00 2.524112839079753479e-01 1.121200510193728628e-01 6.885535798901173399e-01 1.910461455476750059e+00
6.089278061506637751e-01 1.378870128741595202e+00 5.317432439741002215e-01 3.830790407085025717e-01 4.983324260009717399e+00 4.259571429263637188e-01 7.587158712201704791e-01 5.863377723214913129e-02 5.416869804332178351e-01 3.767428998389648065e-01
2.220391753309244987e+00 9.575513714052215075e-01 7.251458190613654375e-01 1.393950014482948419e+00 1.761255370829358347e+00 1.265888843894228122e-01 1.869835779550680643e-01 3.379369474533528983e+00 3.985549278404228790e+00 1.043645854680039564e+00
