7.655259185865388727e-02 1.285300432585343156e-01 4.649494773615333032e-01 2.149579019919201084e+00 1.244675054198367770e+00
2.600122497700236845e+00 1.379770340769724823e+00 1.520175400057056925e-01 1.338260027494278526e-01 1.406897903922628590e+00
1.784330640087639919e-01 7.856301832222323603e-03 3.785749059043212045e-02 2.900007571975122822e+00 9.135059255368691566e-01
1.365841385498153038e+00 6.727250655276343361e-01 2.565992123651575252e+00 2.945345207967205337e+00 1.409956203077187054e+00
7.939999916594431273e-02 5.969121904784521065e-02 8.359930191171228708e-01 1.964770528007679484e+00 1.873595076564453510e-01
7.157204354721928563e-02 2.246801091849749632e+00 5.036274924870349778e-01 7.110202822097821951e-01 3.172834858150270221e-01
2.192372247582758532e-02 1.583753388088229019e-01 1.969124685167728872e+00 1.140227567070041026e+00 2.113295390178736799e+00
1.881595387388249052e-01 6.338152395286924534e-01 4.329516468902084303e-01 2.673583727701079216e+00 1.791812962702336864e-02
6.676342558878760602e-01 1.476163766684207124e+00 1.247725667093422475e+00 2.917041275030734404e+00 6.702734035461112017e-01
1.471109223763289231e+00 1.351348344322401696e-01 1.138627795110110030e+00 7.775149139308809021e-01 5.159956281715656345e+00
5.871551506163138479e-01 1.200286061357649148e+00 4.693865459112895877e-01 1.266723526962485469e+00 9.143329438328756664e-01
1.814390085443007630e-02 7.309974229861864181e-01 3.019058651845421548e-01 2.925381788214884843e-02 2.839394405474268690e-01
7.559054080422076272e-01 4.431589737073395874e-01 1.129187631149825011e+00 8.409376770405325996e-02 2.286839143163553967e+00
6.612230662644090484e-02 4.242397835148433161e-01 3.651109668122407004e-01 1.176058342164298054e+00 1.432158300815644832e-02
4.833402761091968453e-02 1.332306493321622654e+00 1.076833747140098385e+00 1.298536760723264072e+00 9.641474130468390413e-01
1.233175017910578992e-02 2.116071920794326822e+00 2.130815120506091009e+00 5.078299782657389905e+00 3.964451321327361333e-02
3.230843912975307486e-01 5.393568432277095148e+00 2.466618121843553169e-01 1.720876485799724520e+00 1.202304833809104551e-01
9.230188357718513981e-01 4.515002869631588589e-01 4.014919056197129854e-01 1.111628033991734904e-01 3.926981064513129782e-01
1.689688352739580957e+00 3.052281415127506392e+00 1.855106005058755336e+00 3.381172770216793744e-01 2.407964613732393122e+00
1.571871824202524526e-01 1.759371022285072916e+00 4.929957931039519875e-02 1.311323561979915731e+00 8.152994073519219398e-02
1.539289864111178741e+00 4.588133935208786873e-01 1.393954580133023535e+00 6.087315550195666614e-01 2.796645016620135649e-01
1.374178756490565423e+00 1.316429359670242327e+00 7.561425983137259887e-02 2.182038656306618252e-01 4.020179228743113731e-01
3.836389346765516351e-01 1.941715767157890793e-01 1.251959427607927999e+00 3.361059441870554387e+00 5.646718197307889486e-01
2.969101461998296720e+00 1.931139794016508260e+00 8.233199189414542873e-01 4.456109007702073299e+00 1.440799273589828122e-01
1.279252993576005804e-01 6.584231618971320144e-01 1.228507334886778102e-01 1.126038475373837944e+00 3.122791906145694796e+00
1.634319921557437105e+00 2.342033513614185658e-01 1.169956215585444270e-01 2.620244971252859156e-01 1.286431603210832941e+00
2.612441690042760278e+00 1.427004713000602776e-01 1.071996175179965316e-01 1.025344170236819563e+00 1.479239574670005997e-01
1.692821267714752720e+00 1.447171658214410517e+00 2.613434563618199924e-01 4.993225523843729530e-01 1.816578636915657519e-01
1.813978447596437810e-02 1.063514049085745983e+00 9.729726775349298862e-01 1.287682505435129021e-01 7.029360119937827500e-02
1.573517046376209372e-01 3.557132242548741163e-01 1.457689520703874808e-01 1.021480844947647793e+00 1.215720955110937362e+00
1.494433065607280842e+00 9.060528570539040649e-02 3.235808048459172248e-01 7.833838547382189141e-03 7.038806327654781869e-01
1.302035409346482320e+00 6.837597563791715238e-01 3.986012941694905276e-01 1.367583993783375029e-01 6.435890232874812433e-01
2.952875984447634883e-01 6.558159670639028722e-03 1.325581772414072157e+00 1.085962736326779421e+00 2.081916823687727014e+00
3.410862809250872485e-01 4.462742368296679807e+00 3.430115233029800703e-01 6.696103748585970905e-01 2.591116642867107855e-01
8.737078685405484935e-01 5.485054134392058911e-01 1.134515452326322116e+00 1.374740487924383248e-01 2.018730101892770579e-01
1.574705027153863623e+00 4.705393238482678542e-01 6.280442926689300265e-01 4.356558868204306600e-01 6.007892257892422094e-01
3.282487650014127567e-01 2.895382434597053023e-01 9.185348088004101630e-01 4.319156780579178068e-01 2.893754065854942770e+00
5.471155833792651357e-01 1.080566800042465081e+00 4.079752608728440255e-01 1.773558314641976441e-01 7.737319212318995998e-01
7.341355777458913323e-01 3.140378626924402589e-02 2.846222854989342910e+00 1.790620460530721048e-01 1.869784510927658960e-01
2.420782122252351343e+00 8.690274111573323967e-01 8.705294967897511671e-02 5.880268649758235711e-01 1.984094117231009813e+00
3.775351085013781027e+00 3.787522004953558508e-01 8.639112799756322181e-01 9.017134462551477103e-01 2.673875589123611007e-01
2.054014950059188382e-01 3.776332786145033538e-01 4.182123870879561611e-01 3.354352637341630472e-01 8.136816842627273560e-01
1.888591047386587451e+00 6.082240534915993591e-01 1.618649205640234179e+00 2.284121330767420410e+00 2.057111590225872533e+00
3.146081103944255553e+00 5.417200223730928021e-02 1.077107007359212831e+00 1.346739410479156351e+00 4.408978294041455137e-01
2.239391592060628433e+00 1.652691388422172114e+00 6.298755350236193706e-01 7.305922327572124120e-01 9.487551062117618450e-01
9.086567926266581052e-01 7.023478415604916814e-01 8.024543403369173156e-01 2.429342167483630743e-01 6.131013944563936668e+00
9.505814419863228837e-01 2.410902457502066276e-01 1.737170168976923446e+00 1.989160104744183422e-01 1.586790004763830308e-01
9.802961402234098287e-01 4.296259779556254044e-01 3.442896782521345234e-01 2.209301297935570840e-01 1.333311056923742521e+00
8.954283978831528712e-01 8.600014506308719664e-01 1.722241399111210935e-01 1.174812207544098319e+00 2.965503127906467251e-02
1.176865100939791464e+00 1.274879616872535815e+00 1.679800176316039506e+00 5.459132888451733168e-01 3.578303817569590539e-02
2.050366919584468928e+00 5.180401354555448368e-01 4.293890757583756490e-01 1.440578184458646938e+00 7.717755471855508413e-03
1.096581981177030096e+00 1.854741035884439337e-01 3.757276378211005241e-01 2.250594204165552004e+00 3.341504880788704890e-01
1.529031165114451474e+00 4.973590462157881920e-01 5.149661498503387946e+00 2.802457305458996295e+00 2.032872153749198052e+00
7.189831401941562117e-01 1.689986649915319550e+00 1.145000359639816390e+00 5.531432102165143583e-01 4.077686677446778485e-01
1.866537547346480475e+00 3.524276069548982343e-02 2.568329436267464239e+00 1.948328425412029774e-01 1.602283582112831164e-03
1.306070710776983335e+00 1.743614886127111407e-01 1.013114564114324878e+00 4.927978438243988402e-01 8.283816481122330266e-01
2.233775726617643009e+00 2.629648893078199823e+00 3.202622400097327127e+00 3.890797686892588647e-01 1.665213134029060127e+00
8.895425094449842529e-01 4.172358379267304129e-01 2.179088611014440513e+00 8.796750599517350055e-01 2.119127552594767483e+00
5.640213576412563823e-01 1.002481701230453437e+00 9.779984223188612491e-01 2.354773502272109464e+00 1.121464807969733135e+00
2.298434128360533180e+00 6.395608548766976709e-01 1.139930941890936689e+00 8.241629635747163563e-02 4.100626679745951811e-03
5.298342920833560843e-01 1.494818823637070970e+00 4.195841051311505199e-01 4.674156435084171335e-01 9.606414590785993246e-01
1.460115602655887024e-01 9.475336656945598790e-01 1.865598638333480427e-02 1.547600602840651929e+00 8.110690480990845330e-01
1.248140000332261246e-01 1.690046971587065405e+00 1.902107532941968993e+00 4.017801934113568452e-01 2.824993052925614201e+00
1.753514369826227881e+00 3.860390845115629216e-02 6.460024544036356842e-01 2.427186165357710437e-02 4.463443893002551621e-01
4.015599735295621864e-02 2.330197375427281781e+00 9.722466918375708422e-01 4.674863075187790651e-01 1.005366159908481327e+00
8.101912656294084358e-02 1.001797724120562005e+00 1.294805981842235831e-01 2.858250099382029230e-01 2.129792113714467361e-01
2.620687480418539828e-01 5.150777446052287045e-01 1.714880297986978164e-01 6.282518655398920959e-01 1.527997509254816144e+00
1.350394668935759990e+00 1.062130605026062602e+00 1.294304167851340726e+00 8.452864104519004496e-01 5.086629502068625852e-01
2.757808940819172494e-01 1.328597236534536374e-01 1.305877639259943157e+00 1.236634679473107346e+00 7.274335763574171221e-01
2.524811594234787626e-01 1.795559244533195820e-01 1.691914166258507574e-02 2.558790987198561684e+00 6.535874695210726060e-01
1.426145346480103548e-01 1.721197094530789951e+00 1.924257334639549732e+00 1.190032414156225515e+00 1.169705986612916693e+00
6.999469881526355630e-01 7.351009111785582889e-03 1.182644479693335970e+00 8.141781180459736200e-01 1.737958611541877474e+00
3.917661946719652732e-01 2.456724081594079401e+00 2.528068463643156960e+00 6.300293496280549022e-01 2.116133213296910398e+00
8.971278852022025463e-01 3.324748390816472110e-01 3.503343301800068144e-01 1.012888681303720784e-01 3.017848649911016867e-01
7.022698247047263198e-01 1.021357547800303411e+00 1.954023705044113934e-01 1.106726153072994823e+00 3.593282706505399604e-01
2.757142093971892916e+00 8.535678369112212338e-02 7.058858151701332684e-01 2.079340231277777562e-01 1.471031678086814898e+00
7.861318837157970085e-01 6.448361495756700368e-01 1.951986547062467547e+00 1.938037457184486501e+00 7.789368131296792175e-01
4.265198493082722919e+00 6.786207713425455035e-01 4.695418204530255046e-02 1.114841907071661142e-01 3.173121423825341902e-01
8.721279531541509256e-01 5.993875773370411775e-01 2.047954322837268193e-01 2.062744337953450913e+00 4.681127026614365083e-02
2.323317133425805148e-01 7.865922850623159324e-01 1.595355920665282534e+00 1.719058579150600563e+00 4.382505233614947815e-01
2.293570724069348143e-01 4.606733743397786740e-01 2.695973649529674332e-01 2.433451779950271288e+00 7.670918491598624489e-02
1.639727534661679309e+00 7.448952967527043834e-01 4.235032578849453166e+00 2.408021449011398252e-01 3.162993867051188679e-01
6.393093076608746816e-01 2.742886354800786020e+00 1.106994330037814223e+00 6.693308869655187898e-01 3.217178258406337310e+00
5.151721796032729950e-01 9.723393740836978882e-02 1.272426377890280236e+00 3.166559318216568997e+00 8.690839219664714399e-01
9.024957290347044303e-01 1.364852799525405835e+00 8.409344036525215893e-01 3.725118598659994174e+00 4.202531006970583682e+00
6.252365337694217873e-01 1.721274865242019558e-01 5.512378255789233128e-01 7.164216295686168801e-01 1.958080591961434136e+00
7.698545448673825842e-01 7.786439324611977852e-01 1.667313865858335742e+00 6.042434099788445145e-01 2.167737909813283737e-01
1.592824351611608069e-01 1.185889331383167405e-01 9.762056322656388618e-02 3.439472092162277339e-01 2.678155036926583299e-01
1.182877897055283789e+00 4.137350836866137138e-01 2.319194423854347153e-01 4.351732137612162710e+00 8.945493454835161673e-01
1.008634874418797178e+00 4.039552184717924710e-02 2.162139929982613562e-01 6.743455489049171581e-01 1.509714922730891473e+00
1.528494029757664074e-01 6.935303462426121168e-01 1.350782477237316481e+00 1.490728978409673555e+00 1.346409815227733064e+00
2.777633858907783804e+00 7.944344576510894429e-01 2.369851994772621318e+00 3.837100631822571994e-01 2.871517183294470810e-01
1.715247941853336622e+00 2.348338581400971403e+00 4.597904535810561355e-01 9.838571595722398477e-01 7.039241722607526563e-01
5.634796782884945454e-01 2.934423395855255134e-01 3.081377212042313851e-01 4.941574407453335760e-01 4.224749394074958531e+00
8.240190387599514998e-02 2.511170798715303132e+00 1.491476313352003924e+00 4.343922980442953552e-01 1.437244254446080172e+00
1.222182743534138361e+00 1.134166911342077588e+00 2.357923055036389215e+00 2.287659609989157072e+00 1.479940662466842048e-02
4.668835761802479500e-01 1.393245616525945252e+00 1.089231828104687272e-01 2.680985724970675221e+00 8.678393004955370360e-01
2.423646366419296774e-02 1.739167317392150025e+00 4.835742817420231043e-01 9.149941828467959004e-01 6.731027521366295119e-01
7.735080047996910624e-01 3.344745634294254422e-01 1.114268911238280313e-01 7.990880504695391240e-01 1.038137632713225900e+00
1.087651063094441151e+00 6.870421911239799062e-01 4.051304798650539052e-01 1.471787485604870049e+00 3.868502340466525302e-01
