4.525031291651941956e-01 1.147787854668175900e+00 2.324422056032104944e-01 2.279622881336254459e+00 1.467522306523856734e+00
5.934149440092083561e-01 1.228382440824235200e+00 3.891323295524554693e-01 2.528280700880919607e+00 1.936885785155032957e+00
6.950243011164743967e-01 8.271428481738924976e-01 1.800940778526898822e-01 1.244941067027810710e+00 7.805950418309319794e-01
7.770687958185718003e-01 3.721828073881703336e-01 6.790016331709981812e-02 4.156826256688427867e-01 2.731900556772274058e+00
9.944553175653475519e-01 5.336013149884035744e-01 1.745907022027216315e-01 4.773417265728754355e-01 1.322446559460668469e+00
2.124422273376083137e+00 1.979850151779591894e-01 1.653086378347478735e+00 1.229227497292273430e+00 4.467416556256108978e-02
6.592975438061283722e-01 1.645991425465492375e+00 8.211994861632105902e-01 2.420737577143106556e+00 3.282368325767000966e-02
5.904446774227872785e-01 7.145060632750506180e-01 5.355616436622260279e-01 3.585358855060344352e-01 1.486562876141614753e+00
2.466110787693248096e-01 1.968986379507234596e-01 6.501448815733714692e-01 3.274383995861246399e-01 1.301579064130872654e+00
1.211094699561033217e+00 1.541876216067499916e+00 1.717723498921374659e-01 9.802203956324420098e-01 4.239854286612257384e-01
4.412947483950703464e+00 1.952051600056269542e+00 2.118564818643531744e+00 6.276184551261526634e-01 5.330931481689682450e-01
1.214519836301220845e+00 4.342693043514006312e+00 1.263535278366336445e-01 7.778599094050471230e-01 1.981506101210539772e-01
7.777696369444473401e-01 6.884073377487030798e-02 1.308991973831480804e+00 6.206835606659286686e-01 1.378488027778035085e-01
2.736495468962762967e-01 1.982603431565986840e-01 6.043857887432587672e-01 6.919818377156240485e-01 6.824128774811117903e-01
9.662033389862648702e-01 1.811100578221308322e+00 5.092082884035430190e+00 1.276407905419629563e+00 1.338259009696747048e+00
1.310980727352114572e+00 1.402003117723258085e-01 9.726652660319656807e-01 2.072067474697135980e-01 7.666703041414070219e-01
2.362374440134674902e+00 2.858141416226650744e+00 2.035596257431274925e+00 1.824273478106073654e+00 4.464461664454189571e-01
3.826347372781202960e+00 1.289348675798377863e+00 1.669651145700642991e-01 4.302393295339576595e-01 2.293213884698224181e-01
7.250615096701932272e-01 2.893908876115934170e+00 3.681181062021618988e-01 6.987189641276517760e-01 6.888945434228271880e-02
2.445816929702717246e+00 1.165651679997064427e+00 3.421910472693622807e-01 3.338480195871025846e-01 1.535413164745171199e+00
1.183373212731540169e+00 3.461833632084461154e-01 3.196541373628655758e-01 2.197255805518795402e+00 4.774576746170773878e-01
1.585997992088594433e-01 5.578818346344458640e-02 7.109162832487485595e-01 3.175694621743343493e-01 1.521107966233397335e-01
2.944867372254491578e-01 2.422209879706359370e+00 1.764013955202703779e-02 4.741617086010046500e-01 1.499181768457896469e-01
1.408970828235971862e+00 2.140555354782772479e+00 2.506704489778006084e-01 3.648504186154205575e-01 2.250905868384122654e-01
1.886840553726893133e-01 1.707718368110734963e-01 4.307102196094758084e-01 2.989639733052919524e-01 1.758581765040125422e+00
5.202328423768938226e-01 1.149520119826851650e+00 2.021025718999365228e+00 2.370558475557923150e-01 7.478776954071237881e-01
3.276821065938350319e+00 9.091722361345180858e-02 4.493041051537198793e-01 2.762115036142674396e-01 1.042870009080569371e+00
2.189115481930909435e-01 5.041559452058792523e-01 7.803689059955946396e-03 5.325382381445930013e-01 1.280364813151376069e+00
3.338199304416952007e+00 6.497803879914892944e-01 1.552992604453169445e+00 6.456335561075698948e-01 9.918079090953110244e-01
1.806109912816035390e+00 4.260512154327097956e-01 1.131232089725999201e-01 9.968029893419610987e-01 1.568340152650198327e+00
6.136207911823546857e-01 6.258141263573632429e+00 6.738919193695394605e-02 3.535559835565853515e-01 1.028291873649394228e+00
5.854386614710885839e-01 2.467866482085480373e-01 3.971099106146926405e-01 4.413426478864110880e-01 2.786932699296152185e-02
1.467807362424875306e+00 7.651813022009563703e-01 4.923447617718574865e-01 1.288483994011109246e-01 8.842898090803286149e-02
1.203295030460615145e+00 1.129784743579457518e-01 2.609371829938624265e-01 1.132029414446181909e-01 1.788539869561789897e-01
1.341212366534293154e-01 1.066523063922821812e+00 5.430940853621205378e+00 9.887000963345168314e-01 2.550127386927611539e+00
1.952705954113206632e-01 6.503699403019909120e-01 5.249541590197576824e+00 3.213908870086844338e+00 1.769009453948216626e+00
1.268305587092094955e+00 3.449938038737430102e-01 4.304998232922522816e-01 5.007899971259913707e-01 6.437106531773010287e-01
1.112376034646294531e+00 4.075189043324712879e-01 2.040598756251955415e+00 3.478275812509198928e-01 4.965699826224503205e-02
1.711196572114865200e+00 8.958694817077030859e-01 7.781283320697959804e-02 8.107036059590053134e-02 8.327866706802744545e-01
1.807677459329429581e+00 3.023199449132595862e-01 5.191735689063136094e-01 1.514096403713840022e+00 5.818109563561745246e-01
1.264979718095457839e+00 1.165656229413802425e+00 1.110584374194165669e+00 1.111450836893383753e+00 2.158342198851281313e-01
4.542966491511535310e-01 8.394286609673559107e-01 2.538683775773205031e-01 1.527235558868083931e+00 6.901311342282239636e+00
1.161698460864644566e+00 8.192203709048995197e-02 4.503935005760965615e-01 1.129856449088520454e-01 5.709947644889090679e-01
7.288311352395989706e-01 2.178951571280455024e+00 3.699148254207161313e-01 6.178432605152668344e-01 5.602309698339018595e-01
9.116335879800196995e-02 2.411772772423277811e+00 1.664533890365902380e+00 4.682987762760710271e-01 3.000717610278486713e+00
7.312155833592424159e-01 2.303775389328081680e+00 2.144477655963673013e-01 5.886283839590380484e-01 1.406568539988926725e+00
3.016056069342594737e-01 4.962217197651854761e+00 9.088685255213603265e-01 2.296174753203548274e-02 1.808763078798926616e+00
7.819432872507752208e-01 1.320741863710050312e+00 5.535303217149469823e-01 1.338158904064957300e+00 2.904674415516807606e+00
1.764514761228321627e+00 1.103265848369871405e+00 5.357907888909599903e-01 1.814502624440998080e+00 4.619270400445755764e-01
1.153761935005347405e+00 7.157668569273005765e-01 1.134306075016598747e+00 7.363878866306190929e+00 5.745705313179285678e-01
1.449537774603567808e+00 1.599738093435003616e+00 3.463518360612831692e-01 8.684094098463872591e-01 2.168882840886701580e+00
6.652259461866474322e-01 3.907474103700818269e+00 8.274349035910755212e-01 1.866738121798742434e+00 6.456575251673545290e-01
5.566015942784759835e-02 4.481394634310645886e-01 4.579514140119987919e-01 2.728222959281231930e+00 2.224194914509612098e-01
8.443618728640414073e-01 1.255220265044828531e+00 1.444911291657373364e-02 1.534377449156039797e+00 1.536618801051200427e-03
2.375946874525805441e+00 1.312911010215382257e+00 1.701072436023118417e+00 3.792807168871054624e-01 2.656592900582669947e-01
2.000957064107311112e+00 7.849352693421488558e-01 8.507163818880734141e-01 1.497744885086327027e-01 1.136966105055857296e-01
2.894440745711154950e+00 6.709214964679553750e-02 1.780144916900028074e+00 2.227674484275433020e+00 8.727215366757560266e-01
1.089728391063409380e-01 2.683404629902377478e-02 6.313727699427866824e-01 1.102082099861149356e+00 5.782539034641323017e-01
4.137812577281741455e-01 2.071382826721604786e+00 1.042604731038871302e+00 4.220017457186733267e+00 1.876591402785364293e+00
7.200425169856784491e-01 3.147045557199495414e-01 2.928682619312339419e+00 2.404813620112925321e+00 3.232412961466184925e-02
6.143376752896271498e+00 5.010102602641017810e-01 4.196918610418780005e-01 3.624751198650760231e-01 7.752712092699449720e-01
1.340527055627081632e+00 5.845068029488588168e-01 1.953736666002617417e+00 2.028334802327747544e-01 1.290185803387265073e+00
4.974739813414600365e-01 8.670996065001033148e-01 2.934802323187322703e-01 6.402236958744600415e-01 4.271894003686381724e-01
2.187728486014741236e+00 5.772495516608422417e-01 2.116781788485313953e+00 3.023295598930502703e-01 1.000888593490855571e+00
1.909671914241692470e+00 5.751262423155371062e-01 1.524179697529261857e+00 1.818830813115350331e+00 2.698691079672453363e-01
6.427464810883609658e-01 8.594280001551012349e-01 8.474014924184047892e-01 1.309465302880722826e+00 1.130024122472375270e+00
1.680011380024862389e+00 3.456608257669356310e-01 2.064901732892873820e+00 7.622234878941407388e-01 2.935683219009113665e-01
4.457174238868698568e-01 5.243994161675074039e-01 8.200413696602963931e-01 1.583096564376789805e+00 1.605929390163806370e-01
4.068414239663760146e-01 2.429874214776579777e-01 7.484085311621574421e-01 1.269839282464889016e-02 1.323629981523208876e-01
9.379547170422880553e-01 8.477758858099358752e-02 1.005838886722043579e+00 3.324376241653162811e+00 7.368740532878134131e-01
3.533321121622306493e-01 4.932350961233034070e-01 4.969389913128047231e-02 6.277055490277991256e-02 2.372325217925822793e-01
3.143279296686147806e-01 1.816736198555125137e+00 1.237019623567507276e+00 4.453724595769402161e-01 3.555641768646138345e-01
3.208777261422573801e+00 5.088781989513005977e-01 3.740110872325549174e+00 7.283546818311111004e-02 2.052826989988391304e+00
7.697337161245637605e-01 1.976451162615530333e+00 2.708655363799608029e-01 1.571374914916069176e+00 5.083494555770026041e-02
3.718257749858994154e-01 2.080484223513803521e-01 3.358661905141816728e+00 1.185278859946901742e+00 1.337821444400308479e+00
3.594697249460846594e-02 2.997031939242577048e-01 6.953612447147592412e-01 2.000204237238134120e+00 1.143614824419530107e+00
1.803413986862196783e+00 1.577919937613620149e+00 6.503350536681347105e-01 4.346568342257021295e-02 6.292101835807557553e-01
1.894702241521095676e-01 1.460833301281833085e-01 8.875188839432104349e-01 2.179325659026706552e-01 8.570252785410746865e-01
1.538836760480253585e-01 4.670014991407830385e-01 1.480032539938122282e-01 3.413852318557351051e-01 5.650000334440481442e-01
5.612225424683877639e-01 6.114638114570987604e+00 7.391632094852134127e-01 1.608821970524069611e+00 2.046180355262382733e+00
