7.097292000373088550e-02 7.103719007671405183e-01 1.039667053014471654e-02 1.524270666589500500e+00 4.055874119993371774e-01 3.482717659023655821e-01 4.255948847503095850e-02 2.067869956600889778e-02 2.471744404973457154e+00 3.761547037499451962e-01
1.628926336734997371e-01 1.388710611537093742e+00 1.310122898994592555e+00 2.950383801858719179e-01 1.634807990322528326e+00 1.617259355285312616e-01 6.648967309749759247e-01 3.681107031489031511e-01 7.164725994412737275e-01 1.071479363466628865e+00
1.640199893055816593e+00 2.523449475681802667e-01 8.006549595017649068e-01 5.784047582228935003e-01 1.819849940243798869e+00 1.051759570546614730e+00 1.186961563022672639e+00 2.359088671421834260e-01 9.630762265539062617e-02 3.491390012448264968e-01
3.582372546844240224e-01 1.429055134392470894e+00 1.192848392262788826e+00 2.637856116017031294e+00 4.398527931575071936e-01 9.636545662110792554e-01 3.526336677366632144e-01 3.736381914021862816e+00 3.370817234941154150e-01 1.473070360281132807e+00
1.975166161835373968e+00 1.564803375811943731e+00 6.910695794684722504e-01 5.349921104124529814e-01 1.543848653043693897e+00 5.767171726908876250e-01 2.996741620672588979e+00 6.286004203103000565e-01 1.456140743271373994e+00 1.834684172656035672e+00
1.389785623676240145e-01 4.920172605343702266e-01 2.677005252816320180e+00 2.592854518027384314e-01 2.492269147008448815e+00 1.884264222074821804e+00 1.075185674017698156e+00 1.364227166071574793e+00 1.767360977896149654e+00 3.425555179503163017e-01
1.059708611791958743e+00 2.265303649959240773e-01 8.253300008343834593e-01 1.575552865125150248e+00 2.827804850222109811e-01 4.267833882600285400e-01 1.644614341114225553e+00 1.167835614897847041e+00 1.543169600602550817e-01 2.572673898310238183e+00
1.413872706887267627e+00 1.031879015729751492e+00 4.349803363416550068e-04 1.503822304421115419e+00 6.431440187074806136e-01 2.129548454039051464e+00 1.837608948225260219e+00 1.368173747577272392e+00 9.128165443322414085e-02 8.968603070881612238e-01
4.114949383455507315e-01 7.093324664516315048e-01 1.566810876955624598e+00 1.068325063956057308e+00 3.798324165002610053e-01 3.462783844370178166e+00 6.308615302343201225e-01 1.209299048372079133e+00 4.445249587678216097e-01 2.527869735834470943e-01
2.231450515894475739e+00 2.253572988708769653e-01 2.556376289621567377e+00 1.512248851748426992e-01 1.509764243329091427e+00 1.203354258433668306e-01 4.410316053943012515e-01 1.085286528064950629e+00 2.118476769322726605e-01 6.956331075972925493e-03
1.017565533411115331e+00 2.390309991783876320e-01 6.708091019961112123e-01 1.187859423975655915e+00 8.572184872221721985e-02 1.127403867025177586e+00 1.183039213667513856e+00 4.036161542604793095e-01 1.333472345724183050e+00 2.426650574763153656e-01
1.345643773521952302e-01 5.105496997698145689e-01 8.676167307150606245e-02 1.724720143742059397e+00 6.082597518762200561e-01 5.040445079939339657e-01 1.555768723784650698e+00 2.826023841223111344e+00 5.559758431620670516e-01 5.121950978779913344e-01
3.701531355594729900e-01 3.049158065885325744e-02 1.439040567120998537e-01 8.461422135550570323e-01 2.144420582510823403e-01 2.582202036302694848e-01 1.346784698682066961e-01 1.910336519861840707e-02 3.503243571358309882e+00 2.047049022164142862e+00
1.503341001880523331e+00 2.475751050685291332e+00 2.109709722568495760e+00 4.352382135308346944e-01 4.461267461800758838e+00 4.954433233989043867e-02 2.490246116120193309e-01 2.939603571830558260e-02 4.772931017410014243e-01 1.261791572438597742e+00
1.309103080737912039e+00 4.207656518998166839e-01 1.643759429044406861e-01 2.008628078164115927e+00 3.071078804336249135e-01 1.228971145525170394e+00 1.170979262882294869e-01 1.800834970604525243e+00 3.991409727575717881e+00 1.702889181229287674e+00
1.605532746963600710e+00 1.150171479174420863e+00 3.293037834623644411e-01 3.933727617678545729e-01 2.777555040145323062e-01 1.191002338791601778e+00 1.289900173344386447e+00 9.481670043696430183e-02 3.505621214181711687e-01 3.800667358593550760e-01
7.763238920533351850e-01 1.361986085206480790e-01 2.169586289773719479e-01 3.387054693328025667e+00 3.815207268267925556e-01 5.128124438387028361e-01 1.157237612230037072e-01 2.826021516771151543e+00 2.548374592652369319e-01 1.041809319050398974e+00
1.731662265647564647e+00 1.328178866732580010e-01 1.201413397220884471e+00 1.165343285572848463e-02 4.914028716426064869e-01 6.926127134777674277e-01 4.874961402856173853e-01 1.985566917093430028e+00 1.735197835295020641e-01 5.031222105089785401e-01
3.257620902716239275e+00 7.133489528625560627e-01 3.099650375368987465e+00 4.193936632481082283e-01 8.122828346316246506e-02 1.279074385853280205e-01 1.177557633467916087e+00 2.386535166959582011e+00 3.307394669500785533e-01 1.848206530103356782e-01
3.235579712626293070e-01 1.697638479065661121e+00 2.297415877423749364e-01 1.816504863583000562e+00 4.313984214189547917e-02 6.144249817979786643e-01 6.848599224468101543e-01 1.492530475462686468e+00 2.849552196583591268e+00 3.514792937504511716e-01
1.732937984828417655e+00 2.458952820781565574e-01 4.014234630040862117e-01 3.079509660443929819e-01 2.410415307625733417e-01 1.356724383239424458e+00 7.732169136682494059e-01 3.335657161945330795e+00 1.369054882232205506e+00 2.223925369481893899e-01
5.553262746907100533e-01 4.228756775506102294e-01 8.836602721125151605e-02 2.891763458872880221e+00 1.968852544548510206e-02 4.406021506629472784e-01 1.976381689321280000e+00 2.496525119117108282e+00 6.327983282881575189e-01 9.311095862128738743e-01
5.692506255876328414e-01 3.367569310638393598e-01 1.240017922355020730e+00 5.006112751882316747e-01 9.912359908917436901e-02 6.182935165535808908e-01 1.948438395185437599e+00 3.143253165692784457e+00 3.369245205428545997e-01 1.354492032391940048e+00
2.328184711184787314e+00 2.374995641800569934e-01 7.987256734511749556e-01 6.889072830336032682e-01 2.016842173394230997e+00 6.902176934287099774e-01 6.282703052020173207e-01 1.201819343726193923e+00 5.157841352811082247e-01 3.978607720755487631e-01
1.700863183235392651e+00 1.958593004604531895e+00 2.419406583389076992e+00 1.600745488103298975e-01 1.667510050171845948e-01 7.773183300683239594e-01 3.808429801011007365e-01 1.180057387086636878e+00 7.682634487130785006e-02 5.533056242787625090e-01
1.737073075157555380e+00 7.136515980214962196e-02 2.384711299033070997e+00 7.995072151739662791e-02 2.994134622197919260e+00 2.749602447658215265e+00 6.449096064828808705e-01 1.172788848491903346e+00 1.033837722452574104e-01 8.876462538813816305e-01
1.397411785677237672e+00 9.904874845120496818e-02 4.541915446906781284e+00 1.686970073470822895e-01 1.753909011846802313e-01 1.456679293552641252e-01 3.334152064250686665e-01 9.603284018833539715e-02 8.429850931068626485e-01 3.965655057811167117e-01
8.993816723617416020e-01 5.810498588562673650e-01 2.145328688377781123e+00 1.521250710702602982e+00 3.418243116177598906e-01 6.868062616069915416e-01 8.700742813302264622e-01 9.910313214865568501e-03 4.330812806013638605e-01 2.754704552409097396e-01
1.850677487610975502e+00 8.875241934685824952e-02 7.599336119870631068e-02 2.174675608252137682e+00 1.775093837556539766e-01 2.725868572788875399e-02 2.357804940957078377e-01 5.939149121148354915e-01 1.796319747424378832e+00 3.321253042815400236e-01
1.865702183302503925e-01 7.793844425964455702e-01 6.337753999224585710e-01 1.163311376992692825e-01 2.609608193486379069e+00 3.986595423897958401e-01 8.143562617166419937e-01 7.381137461903470864e-01 2.036523241735807233e+00 3.828912309341808151e-01
7.487764125573833640e-01 1.499833424557777573e+00 6.682953390403097993e-01 7.038279690811145572e-01 2.236928196658912515e+00 6.657986551426862132e-01 1.696420858616461746e+00 4.951348453133048305e-02 3.057758131776844301e-01 2.440979759660053539e+00
8.395633244408681750e-02 6.932752196415831181e-02 6.204462529642310598e-01 1.768540489040860419e-01 4.641419394956620981e-02 7.829624113972161181e-01 5.549745745390439744e-01 1.149650271149061487e+00 3.160875442642983035e-01 1.415901668538379343e-01
1.363968625256836986e-01 1.866990792297334778e+00 2.947657923649103395e+00 9.368056339831547230e-02 1.296514166813004465e+00 1.872457189456240567e-01 1.184702690078306198e+00 6.813514626696160370e+00 7.724831738818688232e-02 3.750099256208333509e-01
7.049621651306873238e-01 1.321984121860972250e+00 1.227644921723967247e-01 8.985218403602233117e-01 2.641858942755514583e+00 2.748129931054915653e-01 6.577171218914371620e-01 1.641316695953828342e-01 2.331863325915157326e+00 5.866937112181623837e-01
8.945064356199493583e-01 1.852675526930008365e+00 3.185604623548908831e-01 1.924956333965459621e-01 1.395864858889401150e+00 1.879681213728729705e-01 2.955289687155730149e+00 3.806533262307949972e+00 1.211154951353237141e-01 1.416475045278700606e-01
8.343625333083972695e-01 1.796442552190129049e+00 1.168210563993402201e-01 6.896908265560086626e-01 2.096378514120926240e-01 1.517742505197351432e+00 6.018188228298885223e-01 3.666201855396600817e-01 2.883230363993234402e-01 6.526198978177037979e-01
1.072060688289206309e+00 1.304888851531480043e+00 1.924512718400869793e-01 4.139108815939311348e-01 2.290762252918763231e+00 1.834553364156651378e-01 1.510644489811089342e+00 4.457293061863704331e+00 1.716043565760215550e+00 1.343910439465266116e+00
7.368463091009881394e-01 9.718767140096282731e-01 4.066039251756655148e-01 9.016427765777565995e-01 2.933851363940038204e-01 6.426834880532222849e-01 9.212380535005760818e-01 1.165835791802607296e-01 4.462553894123717502e-01 1.210540494394400035e+00
2.485450381512485318e+00 4.801857360868488356e-01 8.423445171286175759e-02 5.756271079533803459e-01 9.511128476435435353e-01 1.061567569031315328e+00 1.558217447425963131e+00 2.415814271248467038e-01 4.598037704688588967e-01 1.822607502030100024e+00
5.317303005372393532e-01 1.073247949785141042e+00 1.912375172648573818e+00 2.725829180631887394e-01 2.198672331519206935e+00 2.471414645461807447e-01 1.787794171852586489e+00 7.915142015826844013e-02 5.113411947951924663e-01 5.522791932153739980e-01
1.520356435983126531e+00 1.009853321137808152e-02 8.961044488061241375e-02 7.122170572583362835e-01 2.961245863450118421e+00 4.110155322588912696e+00 1.102425631478474610e+00 6.975082623518829017e-01 1.548660875215894572e+00 5.708628997196135701e-01
2.033882287672881262e+00 5.522452644607837025e-01 1.429191581889879492e+00 2.288244137105019116e-01 1.175045889957809564e+00 1.199546008000731412e+00 6.465068144580616849e-01 1.698016023993708379e-01 2.246924107796766545e+00 3.853740692452333194e-01
5.233609815916034913e-01 1.163799764034414291e-01 2.128588018657682657e+00 4.234542327142919227e+00 3.493691589876726789e-01 1.627160034720759763e+00 8.410598441505704459e-01 6.863901861624641110e-02 1.955866450189330363e+00 3.304429132299353533e-01
1.508911909790159545e+00 1.912724838516514092e-01 7.400991155244935893e-01 9.960374563944154880e-02 2.398974059000138007e-02 1.875390602558144160e+00 1.645918806563851700e+00 2.074766279570235739e+00 2.127716500366792773e-02 1.500457214134402362e+00
7.012412287058837623e-02 5.263708088946904562e-01 2.603641327660358051e+00 4.714529153492425517e-01 2.326283596690035260e-01 1.245085615455143735e+00 1.766026778512269191e+00 5.496292102238941046e-01 5.479803886278201974e-02 2.142470212191359025e+00
1.408605828613108679e+00 1.081703858898605430e+00 2.901053027214883784e-01 1.178984254834817946e+00 1.509579470040144367e+00 1.219717221822858910e+00 8.410769743812788191e-01 6.384532840046127644e-01 3.608648943695302869e-01 2.631748933941627566e+00
1.337399229447273630e-01 9.509919446580176183e-01 1.615880250911577373e-02 1.092058722974568852e+00 1.877509815606564603e+00 1.185270842034747085e+00 1.543875490096641601e+00 2.914460891884221860e-01 3.728720473477375563e+00 1.621909393528584875e+00
1.615711717614463083e-01 4.666926736262609621e-02 1.349432188101994390e+00 4.676309881578356031e-01 6.720326997428968108e-01 3.675832768864812361e-01 4.631959932483223907e-01 1.668309920671850577e+00 2.282688173660238018e+00 1.170715730764421009e-01
1.193404338479669091e+00 5.893640193502770463e-01 3.824725811040991630e+00 2.829564002425050684e-01 1.289947289128280605e+00 3.654225518032262476e-01 1.353366957083705691e+00 1.144107871277719068e+00 6.688393377365269010e-02 1.082390372343429386e+00
9.226282749047332032e-01 2.237922990479338237e-01 6.598557291423602367e-01 3.869418858856980670e+00 8.931404823347292021e-01 9.605727018384575544e-01 3.858693262356205356e-01 7.325212730278559681e-01 6.056861680287481953e-01 1.503271160098773818e+00
2.136079769497985392e+00 1.312003872691320794e+00 5.126687018746428626e-01 6.449673179452036775e-02 9.921783197828538958e-02 2.650316742153944194e+00 1.322440874862738536e+00 6.437548572053959639e-02 2.172633079316162341e+00 3.805553786683518736e-01
5.966381421053631451e-01 4.275143409099782521e-01 4.219665285363483065e-01 3.478440193662468150e-01 1.764861666112832461e+00 1.003402542956239207e+00 5.817605551698575850e-01 1.793271295869148130e+00 1.393179639649588575e+00 7.067272880544680502e-01
1.041111346145370931e+00 5.345987648278369697e-01 1.267710891647968463e+00 4.532587382753718863e-01 9.979925685397591506e-01 2.050167133629985095e-01 2.056689307613251416e-01 1.641439868675709457e+00 2.739804709072540589e+00 3.267380067918148057e-01
6.960285062447543192e-01 1.730435949465403800e+00 1.404422075042515594e+00 1.447981665363720305e+00 1.917983181637855861e+00 5.671845704584096426e-01 4.482781296280617944e-01 1.017588562226117155e+00 5.994067413148282952e-01 1.484110845397921485e+00
1.631223114367135407e+00 5.246283881611046862e-01 3.058005840204935488e+00 1.286472269633815411e-02 8.165010442358349163e-01 2.168355313825769126e-01 9.825875905384872100e-01 1.528420568933903878e+00 5.190385443369254226e-01 5.601459647769051475e-01
3.198897371395295952e+00 5.539745522700976199e-01 3.951265023286155142e-01 2.469127681846180755e-01 5.861584924830434140e-01 1.089249518275744011e+00 9.222635548213503620e-02 1.459310858633589003e+00 6.966449816139721474e-01 1.055799085178440455e+00
1.191848087358678088e+00 4.672583637518087050e-03 5.478539143231216935e-01 1.183401164479368495e-01 5.186228512014232628e-01 4.666768438600511493e-01 6.581342207641858177e-01 1.187150643864631983e+00 1.577920218612225867e+00 9.949342968743809523e-01
3.986630706834532432e-03 2.248981021456107066e-01 1.251533473876917935e+00 2.371389519440000537e+00 3.814000982164085785e-01 2.441807168472319434e-01 2.237415533956996327e+00 1.390094205498517976e-01 8.546954631871418739e-02 1.001881013123018388e-01
3.393798839438431914e-02 9.016871813843552186e-01 2.859119640020891584e+00 1.235528998930440769e+00 7.278275212982929787e-01 4.529281774790960391e+00 9.184409050828205023e-01 6.026360042575542447e-02 1.023764649854131736e+00 5.661219311204294113e-01
2.782052542252798411e+00 6.436071024303584576e-01 5.916770359061838125e-01 1.281185652588810120e+00 1.285434163775933114e-01 9.005686318772686549e-01 1.121604485975229881e+00 1.141979777410740748e+00 1.387404988306969456e+00 6.555523445778500546e-01
4.400663952024406744e-01 7.030401272963845427e-01 6.379963826182991071e-02 5.147537279935148202e-01 5.180608965274581257e-01 1.292207296844727793e+00 5.860387392683807928e-01 2.465386550255532772e+00 2.458573097646914174e-01 4.740238056320926208e-01
1.572137503180652152e+00 4.878685260589197270e-01 1.002323059823181595e+00 9.444345578633274452e-02 1.554793829086709156e-01 6.309840469459857548e-01 7.642058429078906201e-01 8.179699445078681963e-01 1.016882336723940350e+00 2.978748470252279290e-01
9.039290633253160845e-01 2.241564038105932077e-01 1.563535448201503808e+00 5.623884619682130159e-01 1.091547402779165843e+00 1.611608774399971189e+00 1.948137321159645108e+00 1.283322530698907116e+00 6.457736626200650809e-01 5.534609764303235480e-01
2.746708905992356620e-01 6.486224596017735600e-01 1.742876043210588533e+00 1.344624688709934901e+00 4.703357447487435672e-01 4.131825859735465123e+00 5.957590057182190479e-01 3.851418304453161912e-01 1.166520808856192026e+00 4.077091722965969778e-01
1.022746281009712543e+00 8.535492863241082029e-01 1.130361464616694400e+00 1.513345897937540541e-01 7.753514335070558205e-01 1.394357391977987914e+00 6.538021657121820818e-01 1.650228590759166059e+00 1.141818297962316819e+00 3.864615227704782718e+00
4.183682161918333420e-01 1.695660532612242033e+00 6.163974038161220692e-01 2.654845106225987905e+00 9.059716632281351600e-01 4.096111291096401485e-01 3.143189582298284712e-01 1.849774265254034988e-01 3.093616290989526174e+00 2.508265138022551868e-02
9.104028372301600780e-02 3.821805762177724386e+00 6.637821292866276091e-01 3.275111438255513985e+00 8.327641511631752591e-01 4.191634405957105791e+00 5.214712611714890089e-01 3.412779614613241641e-01 1.900486836055397033e+00 9.609252296612352806e-01
8.459046030837864549e-01 5.051827236385516562e-01 1.015713220124890404e+00 1.910308252245803917e+00 8.490638044202865053e-01 8.976608320757869519e-01 3.321987815732632132e-01 8.162791023014542499e-03 3.596009825371247803e+00 1.988727982511915515e+00
7.173946785701235118e-01 1.560011608105103198e+00 1.720831217993760154e-01 8.555333646981567730e-01 3.452571882045794571e-01 6.531343944487740805e-01 4.233419649390028905e-01 5.610407784372039020e-01 2.138313282399519899e-01 1.336858378935656955e+00
1.422013157199836231e+00 1.501288117490190421e+00 4.049451742804357490e-01 1.017054425678849405e+00 5.655687088437347798e-01 5.731976136971240754e-01 9.886192909272919493e-01 2.265248612432316788e-01 9.577783018016865213e-02 1.819686111869059708e+00
1.769082296470028570e+00 1.220548738773041153e+00 1.157924239300930580e+00 1.549438631395482768e-01 3.503073706069343568e-02 2.661093486469015557e-01 7.775413446437207110e-02 1.886559594683750785e+00 1.371040874901057860e+00 1.080593011768953948e+00
1.588708950717954704e-01 7.598540485685136847e-01 2.616206632358232809e-01 1.864556930208087493e-01 1.263226582572612333e+00 2.885507358751742135e+00 2.506359911346986991e+00 1.002535611254214309e+00 1.712922941180264058e-01 8.328042544489494547e-02
3.609672255933347174e+00 1.551684136310691187e-01 1.149765737851609071e+00 5.512089106021968998e-01 2.814600100299736063e+00 7.929123868071242809e-01 3.871980709474172055e-01 1.535214010678199514e+00 6.365082759102318466e-01 7.208553009576550430e-01
8.110474826932317916e-01 1.360484371983608165e+00 4.030079214713068181e-01 8.657962101433197555e-01 1.797186155415710029e+00 2.628929304236162334e+00 8.118207132909922574e-01 8.234302678528875319e-01 1.408651530795092255e-01 2.502230001581434160e-01
1.812854186192736972e+00 1.518598641302194158e-02 1.364226237987792127e-02 9.162322210569816550e-01 6.064683290158150442e-01 3.634953413117558263e+00 1.421093838533122433e+00 6.491423976458449152e-01 3.383345706105762574e-01 9.232732597671278185e-01
2.728604717939538959e-01 1.467587386795604631e+00 2.556337580103884011e-01 6.900851643715036898e-01 4.247008185578676764e-01 1.224240152478263122e+00 1.958312009437239709e-01 9.677320419459751744e-01 2.377757427913269328e-01 1.830627942402150987e+00
9.169120254577619589e-01 2.093061853769338398e+00 5.636561776701070059e-01 1.975580811343808363e-01 1.193108887838355836e-01 5.651903151546086024e-01 8.719297366758383960e-01 1.253002129836411571e+00 6.628507377419994295e-01 1.140150349269344554e+00
1.313850132438836749e+00 5.492639141887304538e-02 1.954554932268427025e+00 1.883724255600194297e+00 2.152607248440806254e-01 5.614214718601868714e-01 3.420139363690191669e-01 1.505422110202598196e+00 4.834404316470518048e-01 8.958997118767984824e-02
1.556519652375873752e+00 1.826559922493114496e-01 1.839107572668220669e+00 3.827722732309153386e-01 1.611958662507385620e-01 3.492613272426933757e-01 8.490051423755653470e-01 3.951381712552540226e-01 2.829843319462197471e-01 1.404977208685749934e+00
3.293078457675722159e-01 2.249745685245362115e+00 1.041179915763394748e+00 3.484273665675230447e-01 3.596328340892020470e-01 8.543915400691586282e-01 2.345421608965976734e+00 2.226424901768448983e-01 4.212775563940797663e-01 8.284565857053396987e-02
7.404720265959056080e-01 6.305966649285182912e-02 7.304514757465243591e-01 2.300393746695018060e-01 9.177923173638282694e-01 1.375909928600118626e+00 1.103152768701012310e+00 1.281402368595975449e+00 1.672741903694220156e+00 1.773642196872647681e+00
1.163919528092444589e+00 1.125694692746935233e-01 1.932188098411411259e+00 2.847397687667140964e+00 2.709819269288573640e+00 7.608305865065401186e-01 2.926118193472734830e-01 4.376258324936987271e-02 4.542353269300899221e+00 2.670415333849141537e-01
1.389749359026778708e-01 7.753933607254454019e-01 1.052001480886538332e+00 1.108703449159200716e-01 1.759317491134403610e+00 7.204147686261876959e-01 1.005049611475302029e+00 2.701454274334426087e-01 1.023190739497169544e+00 6.604688176575044256e-01
3.925981755835746267e-01 3.511078109825737648e-01 4.883890901736719359e-01 1.683395341575802728e+00 2.618950175966854310e+00 2.813569440718609371e+00 3.359175081763395299e-01 8.154334954336496244e-01 5.696110845775027576e-01 2.183486210205080713e+00
1.080627128545598614e+00 7.729715985044285365e-01 2.246318171607415870e+00 1.216182650717624991e+00 1.248996996303731288e+00 1.526779476497048593e+00 6.726926673624389341e-01 9.319609362249619000e-01 5.090009981386727222e-01 1.893743068296904475e-01
3.091377157340672088e+00 4.233633562089510020e-03 5.148542111180145486e-01 2.809147397672807633e-01 8.600825575714312610e-01 2.835934370023754703e+00 7.731088065568574308e-01 1.063910344075259973e+00 2.161022374753212461e+00 3.096117462398097486e-01
1.323028744291340431e+00 6.338846171867438262e-01 7.908051663238458984e-01 6.424892733489941943e-01 6.711336621004572178e-01 2.975903927113913383e+00 1.011629182971464536e+00 1.357032453550931494e+00 1.771759433954274154e+00 1.234946668719422602e+00
9.738037380969314372e-01 1.910573120095011346e+00 3.678173494894108053e-01 1.538991461581458164e+00 3.128292849380009955e-01 5.262314640721434955e-01 2.637563604297567199e+00 4.011424827694431983e-01 1.857913072361098428e-01 7.047607092091919823e-01
5.405573092205987251e+00 1.659423784581008032e+00 2.586457598469246832e+00 2.087605341273591986e+00 6.931645650999801456e-02 8.770156237364412632e-01 2.104518804879769611e+00 1.317186462313612694e+00 1.049955960380227094e+00 4.341240770720550257e-01
1.300574037169239583e+00 1.335749463683570115e-01 4.448626749598684205e-01 2.927481482461490869e-01 1.299645938450845417e+00 8.674125070656346637e-01 1.610827105564296868e+00 1.047882793267464890e-01 8.317737058325346267e-01 1.801942877172802715e-01
2.989827927169933508e-01 1.246112919974439848e+00 2.164461984787220850e+00 8.243439766915626743e-01 1.252168045926131734e+00 9.523588590724980651e-01 1.365226568400052187e+00 1.266852932573092616e+00 8.141222390006946918e-01 4.249817117290870527e-01
2.388205915320255723e+00 3.221612188659405129e-01 1.732681017739637230e+00 1.991321610319470192e+00 2.221608473182249688e-01 1.171830276670853488e+00 3.642419293863044860e+00 2.968571678679287063e-01 1.365902942770522710e+00 2.268226023689101367e-01
3.096886137685585627e+00 2.765566892170486790e-01 2.586866226810372371e+00 2.060642469841563462e-01 1.386106530034330930e+00 3.078668240169755155e-01 1.015561900807953277e+00 1.778282968648845289e-02 1.797139716151190614e+00 1.802848690478278337e+00
2.443433137064071059e-01 9.095524919175027034e-02 8.722497880378876634e-01 1.162362653452161526e-01 1.073051887899068468e+00 4.183089299586935539e+00 3.961411792411624888e-01 2.844734842683771525e-01 4.449137231552819927e-01 1.944680542676840707e-01
6.154796011599604766e-01 3.026730384140280949e-01 4.231795218666389857e-01 1.333241750425755656e+00 9.139186314360245866e-01 1.108721753906439511e-01 2.234553595485652799e+00 2.913380086597045171e+00 1.100544100503459688e-01 8.172791908798148208e-01
1.310036953158414175e+00 1.027801560991720597e+00 1.479984682116304961e+00 3.004555624710940176e+00 6.978766929811364150e-01 1.748884073449337606e+00 2.042746432187892758e+00 1.594980300961413855e+00 1.959151621258498510e+00 9.268895290134255838e-01
4.002937952062677329e-01 7.081272953309462048e-01 2.066941093889174574e+00 9.957247013595705853e-01 2.090340335069940991e+00 4.316653768391623403e-01 3.892064332687931727e-01 2.299364272322070857e-01 1.727793481682340149e+00 2.408391104421990558e+00
1.638858033756112942e+00 1.838357544707312163e+00 4.450292467471684416e-02 1.346307347833915147e+00 2.457244709512436398e-01 1.847447334919446904e+00 4.695461101451258723e-01 4.936783234272622972e-02 1.186254201461709235e+00 3.446368165672547001e-01
3.087412264279062318e-02 1.438948656420435235e+00 1.184341628730559703e-01 1.182419651187444964e+00 4.207864169428819634e-02 7.154959509139833251e-01 2.692251658182304830e+00 2.548503415215657153e+00 1.415916030018237848e+00 1.072292885120602168e+00
2.623386666439287973e-01 2.111015206754698781e+00 1.332555493393413892e-01 1.060074399689183267e+00 2.104211231009881222e-01 6.110558553253911951e-01 1.852368080198103784e-01 2.708688742269046656e+00 2.657020184322596013e-01 6.073051593611442645e-01
