1.677671922596023713e+00 3.248608093807434649e-01 8.100418557167574640e-01 7.701268324015899669e-01 3.594979751090688486e-02
6.749445005801030240e-02 1.223789584413140785e+00 5.612518819768984313e-02 2.927023052577442108e-01 3.873870823686894060e-01
1.412115955004515089e-01 2.897458825671810900e-01 1.953535214935192277e-01 2.125758725018631057e-01 8.965138273601916952e-01
7.985948001692041998e-02 5.606150531515191604e-01 5.697510688565684545e-01 8.811747251930839298e-01 8.475359417134040174e-02
3.924568656345175932e-02 6.429895735096293752e-01 2.659476161011933848e-01 1.180963258880518285e-01 7.424914269720820359e-01
7.107009196747243740e-01 4.930145104532674960e-01 2.939462760265733055e-01 2.460788915237098529e+00 4.767529222926195076e-01
1.274492098130979967e+00 7.610434633073887012e-01 8.431165418186493676e-01 3.395066755111639800e-01 6.120026646183811536e-01
1.771864302714785122e+00 2.133571325698701004e-01 3.385725669258864978e-01 1.151544335866924840e+00 1.585647209834202709e+00
9.939333439607021640e-04 5.702823430993750886e-01 4.030859058804539541e-01 1.029637252693839100e+00 4.068540732525190995e-01
1.311885678115531917e+00 3.424301097814211881e-01 9.869577193023102435e-01 1.083955016303379981e+00 7.959281226683735389e-01
2.423415063869291050e-02 3.535593790780754420e-01 2.008389481926157460e-01 3.736174760505392434e-01 6.350906879883427836e-01
1.389478285416466008e+00 3.295562451956631639e-02 2.170359269963818005e-01 4.758296981440488307e-03 5.312382636001131142e-02
2.540853761292469759e-01 2.454437705256991564e-01 3.118708220733922287e-01 1.720584418003920368e-01 2.574892610484401101e-01
5.888466620109568117e-01 9.591379855595610904e-01 8.440767174209566903e-01 5.466667336721195425e-02 6.810028585156497893e-01
1.354588284993993585e-01 2.384859334245932327e+00 1.531442913576259446e-01 1.533651611749735633e+00 3.663519045308234051e-02
2.457001591575254384e-01 2.349665817469347218e+00 2.181422126341071799e+00 1.422445274364541046e-01 7.349826918605088799e-02
5.518965177383757803e-01 1.096699580591512790e-01 2.321484448250500654e-01 4.074733481383248090e-01 2.917137270401935420e-02
6.157371819815850023e-01 8.093012270791240248e-02 1.201770795770871619e-01 3.269553645767360739e-01 2.615246891784219763e-01
4.657132674055519672e-01 4.007404609554867658e-01 7.819440446653885823e-02 5.668553186649642056e-02 6.669809342941428465e-01
1.129036462687881048e+00 7.915255849677720335e-01 6.990568640893347618e-01 2.116098620272151010e+00 1.290891884086797559e+00
1.248990030732142625e-01 1.458030135853619624e+00 4.104806565751672465e-01 1.359919553491543975e-02 4.771094026172863489e-01
6.750962198392427283e-01 1.666574957043684135e-01 1.131300687141986172e+00 2.511050523106313492e-01 7.322455156381968422e-01
6.684267675211594782e-03 1.484912454524867642e-01 7.186375503621384997e-01 1.044658435011919101e-01 8.675919390756895444e-01
1.360371389152712052e+00 4.203225650649858314e-01 1.263870398423807551e+00 8.732149905098542109e-02 9.730386673668066644e-01
4.701026130956253435e-01 3.274322656333996523e-02 2.299150553825760335e-01 3.151724051318723907e-01 6.363507358312092688e-01
6.707925321148739961e-01 9.795038112999557844e-01 3.784677017560366535e-02 5.893660272188010196e-03 1.992761812620191142e+00
1.436933591059424142e-01 7.824987480435972032e-01 4.472157901291898829e-01 1.053583598694231016e+00 3.776067735635058598e-01
5.112955238815143355e-01 8.169512661088715877e-01 6.600148824866896025e-01 9.292679689886025329e-01 3.745430514708896624e-02
1.282292880504440680e+00 5.109093198220081566e-01 3.084314747661010547e-01 7.588844152584750535e-02 1.459574511866694735e-01
2.849848206530742334e-01 9.337645650024773911e-03 6.273758299788340098e-01 8.623894405470033941e-02 2.125074527632645968e-02
6.508994004970691805e-01 3.078362708538650780e-02 3.854667171490185340e-01 1.308814031830634605e-01 4.910806430644612530e-01
3.473248595798015814e-01 1.534301604115726261e-02 7.531371972870576012e-03 1.581024666637445564e-01 1.693753617226982922e-01
1.049532417926847039e+00 8.225267675414484059e-02 2.238999632974365106e+00 7.877248746449505568e-02 2.010069214840790319e-01
8.839247763841836525e-01 1.993341265034812848e-01 1.599859527388560188e-01 1.864888110276190780e-01 1.241941417463205688e-01
2.283810897196474343e-01 5.125102887862988954e-01 8.554099176121713471e-03 5.416859166025452810e-01 4.941602322219145749e-01
1.498048011763235265e-01 2.441123603174850387e-01 2.986492139665368195e-01 3.314427017054155100e-01 6.506698649751239787e-03
3.165143944072840720e-01 1.021703448740160780e-01 7.681132445231433348e-01 6.677791706591676979e-01 5.787212441309869115e-01
4.150588039875724999e-01 3.788452830810641880e-01 1.004748656870073198e+00 4.527362761384935430e-01 2.244779564134266048e-01
2.625694799249143618e-01 4.444807261296326306e-01 1.821959494349733866e-01 4.990795413057620977e-01 2.386194666228464434e-01
6.256892568351597461e-01 7.651461003862811694e-01 3.141361128491767518e-01 1.957637486024879303e+00 2.648727826387863374e-02
3.022285220805551176e-02 2.944684560035516485e-01 1.664959342924965113e-01 1.540503096925663229e+00 5.851544958991800049e-01
9.731825779709610269e-02 2.609101424628335608e-01 1.916405292205549879e-02 4.582697037279775953e-01 2.406527255608120197e-01
1.104967894914632848e-01 5.352653396160380606e-01 3.329023862790023713e-01 3.038050580550517507e-02 5.042881688717958388e-01
1.046905369654110185e+00 4.062033729577054220e-01 2.052883402044770531e-02 2.224830990251683849e-01 1.913526829454977596e-01
4.817128593602214015e-01 7.232624431234234430e-02 7.148332748537000736e-02 4.020870782552148914e-01 3.860614443740792989e-01
1.640707510449034012e-02 4.587945629030789479e-02 9.747183455222802051e-02 3.021990527009189020e-01 1.224172654802683446e+00
9.486975022640629085e-01 2.370599409729150231e-01 1.186097309419119061e-01 4.354783993717031843e-01 1.119866002831435836e-01
1.492368401965752100e-01 1.219391114864636361e+00 2.537390622394340434e-01 5.261357048372707901e-01 4.174411068501467925e-01
8.288615077602379255e-02 2.485348318164863901e-01 2.793722643716288756e-01 8.937806205909441803e-02 8.066043394539454958e-01
6.122084060910546466e-01 1.397203830163871452e-01 6.505241403237770337e-01 9.932504042261603994e-01 4.885872178107589225e-01
