8.557736618987478172e-01 3.007265717367711755e+00 3.721955459761649987e-01 6.010032485904260868e-01 1.238720725501255782e+00
2.259377046459881966e-01 8.964516888735245548e-01 1.024845059623408883e+00 1.591673414718693391e-01 1.541957996276734910e+00
1.423272939229710543e-01 6.540995781897129824e-01 1.640331888973952934e-01 1.622465012715246192e-03 4.334008468007536502e-02
1.502932718547417279e+00 3.838931063368420382e-01 9.369042809243445236e-01 1.663920919036814716e+00 1.906341836986724381e-01
1.306314790345017018e-01 1.431438682630783887e+00 4.267227321152833874e-01 4.837172378360533043e-01 4.686044247859244005e-01
3.854809223907273541e+00 5.514767285615668868e+00 1.096070647561819683e-01 1.225391623841898481e+00 1.402272368016021398e+00
5.425880864563392691e-01 1.130084450426075415e+00 2.570301383198490552e-01 9.001705517419758551e-02 2.219949882405266306e-01
1.819063895130631048e+00 2.440195978548292677e-01 1.465052679526615276e-01 3.870581908468704452e-02 4.547746780259469311e-04
2.502498191233433200e+00 6.278264094247454352e-01 4.593215733760202535e-01 2.441697263632136017e-01 2.472392537274002766e+00
2.439323832877681841e+00 1.729806856491913791e+00 1.054561613295247335e+00 5.229880333804500792e-01 7.833372963928239563e-02
