9.207846990566994627e-01 8.389936590248994741e-02 1.670646623348270854e-01 5.948535209678752489e-01 1.156022168791732252e+00
2.766326244306545057e+00 1.222474743268094910e+00 6.938189793642203229e-01 1.605341248504393636e+00 1.160296189559922447e-01
4.982540750930071483e-02 6.505326767805480470e-01 6.853859605727892212e-01 1.870335894501901963e+00 4.105369004145726364e-01
1.203920647118646103e+00 1.963844432312643384e+00 4.862466609635561765e-01 3.084666522301916514e-01 1.021342795395455472e+00
2.952781258263907915e-01 7.640277838861821991e-01 5.484026823862002686e-01 4.916432129856771471e-01 1.197221920268409123e+00
2.645629651170808394e+00 5.731450085776602643e-01 1.203601811362584373e+00 4.167346938994420213e+00 1.313561956076262915e-01
4.171704996367076590e-01 1.529566357657817788e-01 7.351423744453751130e-01 2.898652033364980396e-02 5.375949360832333879e-01
8.937171576019092845e-01 7.578047123392812889e-02 4.172116179763950550e-01 1.578278452811112009e+00 7.655515370298100475e-01
1.092431990377165540e+00 3.078743784493223612e-01 2.065464234116983988e+00 4.283000099894065937e-02 3.345426695105557346e+00
6.059622322002562456e-01 5.064896909890823640e-01 6.126077582869014077e-02 1.770460930967271973e-01 2.280149089904128512e-01
1.000056527813297347e+00 2.984050219734623102e-03 2.365329637375633620e+00 4.142096865885861456e-01 3.233760039181925450e-01
7.735927091334996453e-01 9.260101878712303503e-01 6.648476774832794145e-02 1.702756198570787860e-01 2.701047627105652160e-01
1.632517600150688031e+00 3.023565985205821094e-01 2.962189101272880709e-01 2.826225073496101414e-01 1.630942164460698063e+00
9.394872812776426940e-01 6.088050837193420550e-02 1.209819856842460517e+00 5.422815738534436658e-01 4.592418111624213539e-01
9.640541001746055771e-01 4.672698969141189096e-01 6.678219319790743014e-02 8.679958613245936094e-01 8.298437594198510014e-02
2.840817954583655935e-01 1.171887119410267020e-01 4.628177592205413027e-01 5.138187307107434654e-01 8.026433447303572832e-02
2.907630380214891730e-01 1.836118384334303633e+00 3.820036939265445963e-01 1.262345422338236878e+00 2.283369288699752253e-01
3.339896110381212591e+00 4.581171782933764480e-01 1.244911085877812296e+00 8.329567442075992423e-01 7.578961593227210788e-03
6.007355052761176317e+00 8.618207415592264720e-02 4.437566096288206308e-01 8.493103917573135986e-01 2.019864795020095194e+00
1.172266036866232986e+00 5.745818481018931667e-01 1.993194310562912408e+00 2.802338339519454102e+00 2.854923910762810380e+00
2.642924606400278154e-01 1.320417423193102957e+00 1.674498828336930201e+00 5.933078554668466120e-01 6.600939220039846456e-01
5.601274945784443515e-01 8.362895209480667447e-01 4.157246694299239764e-01 9.659462189155049172e-02 6.505960357379729775e-01
3.753001421853265462e+00 2.342630946057870034e+00 2.473785116306123910e-01 3.660733722296289350e-01 1.291016159280135467e+00
1.046432223340130863e+00 1.194332213383410668e+00 1.358905053856125922e-01 1.589335714469298333e+00 9.906698891304401844e-01
2.142253644522050138e+00 4.899254309504435384e-02 1.044945006256952219e-01 5.305859372033251420e-01 3.941040194856678003e+00
2.662611559903194439e-02 4.241773923129915858e+00 5.530020656231156295e-02 6.118813082622401867e-01 2.181276869056136269e-01
3.110528558555299972e-01 1.929599624135532043e-01 8.458907405505613486e-01 4.644488981838751918e-01 3.444856916847340300e-01
2.501720931855882402e+00 1.023320835839395260e-01 1.146663248757912035e-01 3.612985315078004467e-01 5.796772730812885799e-01
5.027507675947041621e-01 1.343953174543191631e+00 9.583584172921595368e-01 5.309721731035333958e-01 1.100295175165564965e+00
1.020709825108885749e+00 7.710047706723794914e-01 7.828578003126698270e-01 5.265060603936354555e-01 3.114302775000909462e-01
1.405178619326561407e-01 3.534394731846804416e-01 2.523511158843860791e+00 3.446799338932119566e-02 6.751403468618024650e-01
2.304185205525730862e-01 5.597128898744136993e-01 1.120802323082424667e+00 6.730623917657708732e-01 1.875568381242062488e+00
5.066299489497453346e-01 8.817436776431500922e-01 2.386112510233394879e+00 7.421005785905705476e-01 1.485595035852206314e+00
1.658837565483529120e-01 6.308363685203249860e-01 1.072939920286394955e+00 1.338312073556636062e+00 1.949358788927587627e-01
4.198880399598259316e-01 1.355197022253153138e-01 9.687856646938346472e-01 1.287522519592920224e-02 2.702268204863137249e-02
5.496259900383992231e-02 2.972820619428888644e-01 1.960733462959553530e-01 5.657911630152339111e-01 7.352146087170595423e-02
2.549659974683439412e+00 2.077900046925026167e+00 3.290675643862869260e-01 1.000617498618912027e+00 8.694144347037395804e-01
1.079373815397748793e+00 2.591529207659161727e-01 2.972272298380511657e+00 1.056194962429848561e+00 4.857381943224658993e-01
4.509501485394868531e-02 9.875343982230347928e-01 7.308157702054041138e-01 2.026356848434952562e-01 5.647741028950136188e-01
1.223539370396168557e+00 1.182378239803131503e+00 4.740204148490381186e-01 2.270017254403607243e+00 4.566304023634492615e-01
2.090059259099572853e-01 1.800860938783848952e-01 1.923547837147559225e-01 1.963676859919406326e+00 5.412527602580542663e+00
3.227858809774654114e-01 1.965577301080597694e-01 1.651483131243918656e+00 1.676471973875623078e+00 1.670938556545375597e+00
2.748615608581862491e-01 6.210512914290043929e-01 2.512949642498706115e+00 2.397783127794499425e-01 3.241181334673722825e-01
2.193809054165173633e-01 2.401595131669566341e-01 9.833121382115344034e-01 2.717499638165561393e-01 2.720865614460633353e+00
4.324030941765354408e-01 5.485756335942536310e+00 3.676395437527272492e+00 2.281007916250105683e-01 9.210101327381686742e-01
1.370919538000943572e+00 3.893078232993919530e-01 1.503096598805105488e+00 8.980687483838434293e-01 4.792953596837639108e-01
8.124285424891019014e-01 7.290579440212312523e-01 2.775525490001409246e-01 9.115380191728205128e-01 1.334346047877637220e+00
1.188665538313932457e-01 3.043737687617035448e+00 8.069657220223842853e-02 1.663683646041302922e+00 4.154840193120771241e-01
1.407214457370340455e+00 4.889643231110906568e-02 3.617270232861895946e-02 2.327710590086160825e-01 1.197040127595769610e+00
5.149967316526132599e+00 4.047305856437213301e+00 2.769569494176418734e-01 1.114528242031899374e+00 1.707854655328021887e-01
2.933841791517359243e-01 4.558093661751346781e-01 7.215017866435264882e-01 1.266773533602459256e+00 3.803142171421718953e-01
1.033026170746118355e+00 4.755510886688747996e-01 3.446794841595254288e-01 1.449967894531329460e+00 2.065479110895019066e-01
1.066645172584128387e+00 7.083081112606860463e-01 9.131584906218999376e-02 4.014440793387006323e-01 1.816135018427010306e-01
1.081593878674885767e-02 4.657538933302618478e-01 1.408727269171783592e+00 8.904438016299808245e-01 6.685086306194253369e-01
2.054498027353366674e-01 1.902527468164090241e-01 1.033540682441826064e+00 1.709694031279801241e+00 1.723068413415991540e-01
1.359966500796854882e+00 3.375549822191638294e-02 3.157719892990936916e+00 6.583427837484943090e-01 1.065086389340564654e+00
3.254961210223266677e-01 1.275228294925049299e-01 2.642892650322105630e-01 2.921333538966248700e+00 3.829113249378955364e-01
8.064987505594369832e-01 1.794185372239021747e+00 1.439271566680961456e+00 1.485046701348430975e+00 1.643818500052989240e+00
1.962380352546424234e-01 6.025756943200303306e-01 1.502434169276105097e-04 3.215755337985121365e+00 9.149888191404036419e-01
1.144640607940790450e-01 1.299122532538393493e+00 3.195501360032066973e-01 5.709698097508548731e-01 6.926291771983279499e-01
2.153851793021587024e+00 1.871705506405661190e-01 5.511267544350213488e-01 1.009729187623553903e+00 9.951449023823316642e-01
1.937899451438262755e-01 3.107466800514939287e+00 2.057205132662848435e+00 3.129469453182561756e-01 5.299383601945744093e-01
9.634867687196476682e-01 3.061581001643072231e+00 1.069043538144771044e-01 2.038336422679843107e-01 4.323949359294279593e-01
1.415985394836715594e+00 6.879414663172251920e-01 4.849986674900317318e-01 4.219125143426761260e-01 3.976051471174369967e-01
8.892853449226278961e-01 5.962003468222210056e-01 4.137991462864885617e-01 7.576443397357635057e-01 4.558332788830057880e-01
7.519072282172065691e-01 1.771362347278908178e+00 1.049080672997754871e+00 2.021036557937522585e-02 4.416313470378096517e-01
1.823405437153166275e+00 1.528316002157565467e+00 8.662805603230222529e-01 2.116125718781868947e+00 5.129679214029650325e+00
1.161370151448162025e+00 7.652534023231251092e-01 2.244008285619558118e-01 8.237051349646358211e-01 3.734903179183169386e-01
4.490450594462650491e-01 2.523644547708788211e-01 7.090662059194301481e-01 2.392363710906267316e-01 6.241007553677473396e-01
2.072586850677889669e-01 9.806472659607917697e-01 7.400106101689977664e-03 1.385613610526458928e+00 2.193602143635265539e-02
1.563589906362594428e+00 4.420869192860802377e-01 7.300586440865350912e-01 1.022963973878642019e+00 6.478036584002530018e-01
7.719506824337341033e-01 1.185660357146651522e+00 8.143071220537039245e-01 5.959233693036869450e-01 9.500854847569575323e-01
4.470346089391678213e+00 1.424723420952051622e+00 4.181789832407157292e-01 1.063867133155391054e+00 1.799763389484143383e+00
1.001294550805258560e-01 2.000267499559972573e-01 7.411882542828722442e-02 5.254011542102228205e-01 1.044046967683428306e+00
9.458078880075851402e-02 1.710447303677124775e-01 1.175390812237504301e+00 5.955414063419497417e-01 7.714181170471815507e-01
7.980075822411927811e-02 3.434048017769539829e-01 6.756057430195473446e-01 4.391038024566885078e-01 8.158804555659191493e-01
6.748768477776397046e-02 2.190831462611160685e+00 5.008822071690309796e-01 7.143079457840406654e-01 4.240241883730155870e-01
1.113168136896639737e+00 3.458737157319629607e-01 5.418297584042955917e-01 2.084479230214420387e+00 4.085714888088579078e-01
1.081999066773615681e+00 1.853647296238809750e+00 5.819891078119751038e-01 5.043468102322492541e-01 6.985702484914958488e-01
6.747759336961026699e-01 2.504450339654989977e-01 2.455971569480291661e-01 1.148623519050207653e+00 1.559856708052733687e+00
2.100537029994618443e+00 4.707411916800955387e-01 2.406821882556652525e+00 2.426391558772753865e-01 2.657690101913165459e-01
2.260475197278379422e+00 3.063527020795691613e-01 8.410319061817335129e-01 1.433850405396736249e+00 1.964386040301777936e-01
1.808515022104192072e-01 2.848173640457597688e+00 4.030644506256481630e-01 4.535355517678024140e-01 6.165942371266585065e-01
3.648700375588768141e-01 1.594701550789596078e+00 7.268066393714449624e-01 7.340337972195940530e-01 7.546368793263694141e-02
4.210586997526722386e-01 2.204671983777290734e-01 3.257632063744027584e-01 3.502085068096183473e+00 2.564968069792016858e-01
9.939652094014010952e-01 1.326077753995011488e+00 8.597001168655618933e-03 4.896862402021940341e-01 2.197612844597264803e-01
3.236142152731927846e-01 6.791193391786336520e-01 2.802363252998187892e+00 1.059088882891623618e+00 1.031175765824456469e+00
5.980171117100514522e-01 2.509812614406597975e-02 1.216215537899106636e+00 7.174537139967344934e-02 2.004856937871156430e-01
3.309716500578733234e-01 9.109173743779878096e-01 1.508458141776119810e+00 1.348163855186373716e+00 1.016132338759188070e+00
5.328914044175765419e-01 3.000556355129284092e-01 2.283782696993360006e-01 7.590136170410614891e-02 1.603639896513407770e+00
3.182533813931027744e+00 6.588892140178757018e-01 3.214033177246790274e+00 3.841104588915250639e-01 8.201891995353078890e-01
3.695329749725390300e+00 1.365767943321020972e-01 5.830057772198024013e-01 4.321531529179650222e-01 2.390229509595612756e-01
1.677863133101233473e+00 8.343797355163171670e-01 1.717439670425790210e-01 2.936352479290416095e-01 9.035351306613778055e-01
1.486573315364323189e-01 2.739814140072087234e+00 4.244573470918791558e-01 1.298323931021760025e+00 5.272669935500730043e-01
1.879340991940653627e+00 1.111560428295405911e+00 1.006571252342150613e+00 1.151350308286482049e-01 6.330035530985915759e-01
1.773640634148455353e-01 2.256300230904910720e+00 6.542773734373574790e-01 3.213999860110690054e-01 8.549267218987808281e-01
3.842250136601482735e-01 2.094638363599532038e+00 1.412329849454537989e+00 1.446325166822995112e-01 2.275439028752677117e-01
5.732295921313258491e-01 1.328028507809602354e+00 3.277948873168338162e-01 1.663164457824068743e+00 5.514833473181994794e-01
2.955848609744054389e+00 2.623828084900799329e+00 3.178161783483470781e-01 5.554943955328696115e-01 5.814852671897546843e-01
2.369554956571214621e+00 1.148534727675910139e+00 4.121319836459350072e-01 1.894807057581762988e-01 1.323278061107585613e+00
