5.370902882839522219e-01 1.643987029014930989e+00 1.169210489234911554e+00 9.613173563420149281e-02 1.359884261662796856e+00
1.052408212534499121e-01 6.242995695822853852e-01 2.366731204948886447e-01 1.240292664026370340e-01 1.050402879992444749e-01
1.320927464810105700e+00 5.795906919233160259e-01 2.094616801588537400e-02 1.518700689454210440e-01 4.804738652764950047e+00
2.210332223008346197e+00 6.957243591512852765e-01 8.842505331227619170e-01 5.620516849400375436e-01 1.605181422979077066e+00
1.950184874202996133e+00 1.926672061799273028e-01 1.949878361517638214e-01 1.880196398634550015e+00 1.438261845365213176e+00
4.969421549831281593e-01 5.577437489542356186e-01 2.384859367228893579e+00 5.318611394531632675e-01 2.302410252559209392e-01
3.495179291729402227e+00 8.952134298491313258e-01 3.130558695734316110e+00 7.889120745132099932e-01 8.513484070426914629e-02
8.296511822427992122e-01 1.218822063562871871e-01 1.778957099273611009e+00 4.247380490817466714e-01 1.054611279161489917e-01
1.195764428903884680e+00 1.008157998631879160e+00 2.854447548321419892e-01 8.007448782580849356e-01 2.747086364597970953e-01
3.725665770826130374e-01 5.605227579244725228e-02 1.462291517849033107e-01 8.484235916765024976e-01 1.122929059304840438e+00
3.829530938304783749e-01 9.628048770531789646e-01 3.374244585513303196e+00 1.323991532967028484e-01 9.453078018050214970e-01
2.901534876190570503e-02 6.213997415183635242e-01 1.704174464543839751e-01 1.795559631760199337e-01 4.270334787782737451e-01
1.878879957146760260e+00 5.208651094150137384e-01 4.596656603414776221e+00 3.900625680451010741e-02 2.600622031268504664e-01
1.430706852695037501e+00 9.148780718872900897e-01 1.075765844924066794e+00 2.302642606517009582e+00 1.737692763052170797e+00
3.452412949923044039e+00 5.492622370569111290e-01 5.962989610807538643e-01 1.688050372456276760e+00 2.532182110695905486e+00
9.057177584865711006e-01 3.842544993900880905e-04 9.253964173939717153e-01 8.224327064474582505e-01 7.851726796721997248e-02
1.289846050012538603e+00 1.032395059993606479e+00 5.552697916440937909e-02 1.142645555518645439e+00 1.545462949170802291e+00
2.604414808292893735e+00 8.054241376660379315e-01 5.104513545554448806e-01 8.424617193740606413e-02 9.625312855873639772e-02
3.196852323508027061e-01 1.504255703407876732e+00 2.640433376530398668e+00 7.476749605942557553e-01 5.912592412553704380e-01
5.401799838674363752e-01 1.907283316657694128e+00 3.784763152853592993e-01 7.688894531703068802e-01 6.738942131329053176e-01
8.625345901753875832e-01 1.929588364769491138e-01 3.025523153664908538e-01 1.825717014376857295e+00 5.415924646596958353e-02
4.190231863967513459e-01 1.893473502500081160e-02 2.199220367189516911e-01 2.989036665786206082e-01 4.758548448186371571e-01
2.318305290702351584e+00 3.996678393841649246e+00 8.086761653490478485e-01 1.417760749070234860e-01 3.394685324342203714e-01
6.458237006203687569e-01 1.212747456816325349e-02 7.771692102998403184e-01 2.296518614446585893e+00 7.037251478782203806e-01
8.730020721766037495e-01 2.642706382702230683e-01 4.596392208183714967e-01 2.834129731980391753e+00 2.845074590950841031e+00
7.836592382726150774e-01 7.945467977846303320e-01 4.758437604539754728e-01 1.017386086517489518e+00 2.804428836483929821e+00
4.925455227410547865e-01 4.143785144830613554e+00 9.912236195239997327e-01 1.652279138135252401e+00 9.034956018225150931e-01
4.633407929926814939e-01 1.951271357589571404e-02 1.120527643301776566e+00 4.192647711000737631e-01 7.059259807914937124e-01
4.553425022522810117e-01 8.039163125353393502e-01 5.344908279061699741e-01 1.439370812084262097e+00 6.872070954388905806e-01
1.848920181235532478e+00 1.432568734858554738e-01 9.598911907181458814e-01 1.111369690261844179e+00 1.172835557568903536e-01
4.734154377841490735e-01 1.032814513912154064e+00 5.698772798385913774e-01 1.152690836954992637e+00 2.727894015404391581e+00
1.316344908315976170e+00 1.156491595539096418e+00 6.661362808497184318e-01 2.236483372970555550e+00 1.661732565893767610e+00
1.661144466091411809e-01 7.117979117479806828e-01 1.703993061642222473e-01 3.777136613781284957e+00 1.564161472795213781e+00
1.707015165344308860e-01 2.431334397183735785e+00 1.862646374517427317e+00 7.247377510357798869e+00 3.760974589204709728e-01
1.957389925569182232e+00 3.638262833157276610e+00 4.174582208329309374e+00 1.307189889709701847e+00 1.549723562318900516e+00
1.703592877151210327e+00 2.622422856203338037e-01 1.145901851119324188e+00 1.936872389364858282e+00 7.461433055540931392e-01
1.238664292755518037e+00 4.420002690977391513e-01 1.977238268023112422e+00 1.762329890274547228e+00 2.014781563732131187e-01
1.742830052972692001e-01 4.641417935889708413e-01 1.610057007295447651e+00 3.160975862414205917e-01 6.308520121305886130e-01
1.124705083012007334e+00 5.239982806963349171e-01 1.296020593981110913e-01 3.084970372253518445e+00 7.314665007325418244e-01
2.752662353219302860e-01 7.966519678680902827e-02 5.464953010523923571e-02 8.549621340500425382e-02 5.116609781473143714e-01
2.517946184181823810e+00 3.416072923494390956e+00 1.973700427346671560e-01 1.683348401930305771e+00 3.246091750746124549e-01
8.112426652860137422e-01 2.444518656435321347e-01 5.732969154892019192e-01 9.925121637792951867e-01 3.142860864183892322e-01
2.062636974063678963e+00 4.768506573265231197e+00 1.666621061887917921e-01 7.225473368671876395e-01 3.412857812307360517e-01
7.179789298410297338e-01 6.873351087144362603e-01 1.376594988762752214e+00 1.172573463266627147e+00 1.570518258232635356e+00
5.245606021138923825e-02 4.041413605897198891e-01 1.337759627635426218e+00 9.778923674369559560e-01 2.648363827547225435e-01
5.630147448216892281e-01 6.360614686526051997e+00 1.827483767171527579e-02 4.142107805147062644e-02 1.334255209356697280e+00
7.663814256923333623e-01 1.481380430631464296e-01 2.234756661214623019e-01 6.042022206897800229e-01 4.760879899718261643e-01
1.020951046996431799e+00 2.620575092463540701e-01 7.013944552101637475e-01 5.091709849416874434e-01 5.784584562591713608e-01
3.379227581762653254e-01 8.782568538639383415e-02 2.155450645887465377e+00 5.716846607904133570e-01 5.918831046157920633e-02
2.687549847854696083e-01 1.840160916843122552e+00 1.106491335376617702e+00 2.129643651253534109e-01 2.272973950076480620e-01
1.217203083872635538e+00 3.167275968714315493e+00 5.576083861507231676e-01 3.469340380025069503e+00 2.831833735229420057e+00
4.761182700584936645e-01 3.199437558635762069e-01 1.306685066865264366e-01 1.223619592514752608e+00 4.912843663407944206e-01
1.547491487725344284e-01 1.555584132802544151e+00 2.042621131717634597e-01 9.186566555531635592e-01 6.230441277987612825e-01
2.343536373020746744e-01 4.571588629158709338e-01 1.400114920366849702e+00 2.649226227441336068e+00 8.127447926107329579e-01
4.136685748436123577e-01 6.870897764801965346e-01 1.355979229120865437e+00 4.892677852437063990e-01 5.057833644668412454e-01
1.425840845400722090e+00 1.458801652088103640e-01 5.687900760909782027e-01 1.750595012137836193e+00 5.684048710011445349e-02
2.837659262045959085e+00 2.192138006725108945e-01 1.085675099578510494e+00 9.394894428763215233e-01 5.762197884968174311e-01
2.730412113190661128e+00 1.355714054476318209e+00 2.836672481355024256e-01 5.570800536633765399e-01 6.553049732771397684e-01
2.435265606478294320e-01 3.332311654318068084e-02 7.705230821819815112e-01 1.692212960609412287e+00 6.802265438102887696e-02
3.105141745769841172e-02 3.182341434523995316e-01 2.343708283001306292e+00 4.958333556572686041e-01 8.577331944901517291e-02
2.117299918754643517e+00 3.685444915994288695e-01 3.919809085851297947e-01 2.483200410492461874e+00 3.408220001733676396e-02
6.372503923823991112e-01 1.488648024591338492e+00 2.411263766617318671e-01 1.027529142757818592e+00 5.678532482202055531e-01
1.126516113749002734e+00 1.773190093163608427e+00 3.949050895419555229e-01 9.493854924008808815e-01 1.049574191400030720e+00
1.855163935958020760e+00 4.420374687245251510e-01 1.286028733925302925e-01 1.875498381739413523e+00 3.973921458691920816e-01
2.056738362840883738e+00 2.861158339314847421e+00 1.891079157004617484e+00 2.038454487218140709e+00 4.836057053926617222e+00
5.629884787128485168e-01 1.186809493609209287e+00 1.546933474764085048e+00 4.458232249930722091e+00 1.308026706084184365e+00
1.389098541240388340e-01 8.453289990157017431e-02 7.304875275593547546e-01 1.488993020076965525e-02 8.061170193513881310e-01
1.282192836061766483e+00 3.071810834590833483e+00 3.857127017966608951e-01 2.619251823070893950e-02 1.229552593025679208e+00
4.814541337466142767e-01 1.804059247233126495e+00 1.416399177995342762e-01 3.575975437507986077e-01 1.320034680933493132e-01
2.842342538957330356e-01 6.462614429741150301e-01 2.137493762892813454e+00 4.089173375789385112e+00 1.362927609473149282e+00
2.052612486556529614e+00 3.691643713919333880e+00 7.656641123113185898e-01 8.502483191070977497e-01 2.135051440938962042e-01
2.468917825023868862e-01 5.309698783681265910e-01 1.282441952436836619e-01 1.002773050049685644e+00 5.046674005458542389e-01
2.171124906641973773e+00 1.545563587856918275e+00 1.306856043421536828e+00 3.857605832599420026e-02 4.180498870116308718e-01
2.707389769042529704e-01 3.337280428682379174e+00 3.707939654629585302e+00 1.166705268901118364e+00 1.501325362483066084e-01
1.359947877149640938e+00 1.808922707225765647e+00 1.841371927151016497e+00 1.830366602387606179e+00 1.832969591316046198e+00
1.109108049923784201e+00 4.567438043635758949e-02 1.411016764738093343e+00 1.701940383778645760e+00 2.087845129631841434e+00
9.929407852479614771e-01 1.185448164462105547e+00 2.255375966063781767e+00 3.054932713546587575e+00 1.037081350312554440e+00
1.107420191489419808e-01 3.185713525820539349e-01 8.550771428527608187e-01 1.071776621837954302e+00 8.366912056238183792e-01
2.280111970384290365e-01 3.339974901677588148e-01 8.852716371197711931e-01 9.029715996415736967e-01 1.028951628259234585e+00
2.307909646697843820e-01 6.906708384207006605e-03 4.682691477174381944e+00 3.106696096590911171e+00 1.510022840753118545e-01
