1.188305233145608764e+00 7.692988607492377007e-01 1.478421911378060782e+00 7.823314996279243094e-02 5.387813688528696465e-01 2.747221929704478649e-01 2.028575721052606085e+00 1.187272049497676701e-01 1.421414831834157677e-01 8.604178297433046074e-01
4.865242315097449421e-01 4.665647837941644394e-01 9.399417206046262185e-01 1.460224039748070010e-02 3.482071808233564991e-01 6.683708517990318843e-01 3.260141884279650792e+00 1.113708748777259228e+00 6.663838144467123525e-01 4.591460264477843778e-02
1.254021286224810350e+00 7.306232576365100373e-01 1.151657792354090271e+00 7.032372792676403472e-01 3.100324452257792809e-02 1.574049661091660557e+00 5.098444303878969519e-01 3.509572719277201713e+00 7.635013888586844599e-01 2.417017713201526252e+00
2.785769685860698952e-01 1.179905217084124658e+00 1.454351885184693494e+00 1.714348380521721615e-01 2.229886409138967171e-02 1.052450856663491363e+00 4.049281242583888107e-01 3.769056926601456192e-01 4.378805297420292342e-01 5.406190196838452922e-01
8.501468195060270239e-02 1.759768605626034488e-01 1.204742042331844176e-01 1.514509985315914790e-02 1.460347529924349574e-01 2.664600796251058057e+00 3.985090897104695551e-01 1.659479017827428127e+00 9.759799825182080557e-01 2.184147102341505997e-01
1.203142542917593927e+00 2.392458083021166804e+00 1.774595616042249580e+00 1.834055638235878583e+00 4.057398486706728646e-01 1.108919431930500243e+00 1.882023314101533354e-02 5.264498123758813986e-01 1.805046475971469722e+00 3.970819197487308883e-02
1.113521817812968440e+00 1.891942332918765457e+00 3.228633240526727899e-02 4.241891190914351961e-01 5.844623000370322563e-01 1.185634563341418257e+00 3.603583119532662860e-01 4.585612427708427585e-01 2.745627642334400598e-01 2.533596405935578666e-01
3.047529518633189216e+00 7.690332709490773633e-01 6.619026926077948847e-01 1.748290964275731330e-01 1.084829523236533755e-01 1.970251929112142530e+00 5.268231597225689899e-01 1.308101038166906038e+00 1.235940123496159115e+00 3.975987944049459710e-02
6.409004472348979187e-01 4.329034823801821696e-01 1.070953953003829007e+00 1.452634839048160487e+00 4.228248675465975381e-01 7.981182046886119430e-01 1.319753493865149396e+00 1.378946860316308420e+00 2.101410870019821520e+00 4.517985139532620376e-01
2.868921715785884841e-01 1.663379543568743069e+00 1.265878678565431625e-01 3.659172030130906639e-01 9.019714749330949299e-01 1.102014928761616330e+00 1.744905851924150264e+00 1.038914460565151465e+00 6.893605685542422701e-02 2.000888090823709220e+00
1.342495716684837248e-01 4.670873860091190544e+00 2.282378682715184404e+00 2.666676924492740852e+00 4.172704489266910143e-03 5.550969202395397706e-02 1.199622113266276990e+00 6.258867701734786015e-01 8.565757483525325844e-01 1.748970768042817259e+00
2.016807013524806624e+00 1.025012472531102947e+00 3.889874327282737410e-01 1.643462381452398091e+00 4.024989844515471926e-01 5.277410194846094971e-01 2.202312948533701409e+00 1.558962959349894817e+00 1.775948562708788980e+00 2.025947807533774736e-02
5.670229694023058986e-01 2.352036526989027265e-01 2.163454094610488099e+00 1.381984052177716693e+00 8.939292022736552434e-01 5.477125711159904764e-01 2.832234969527428481e-01 1.062269818268197774e+00 7.533806477688217429e-01 3.877971117627342368e-01
5.988154616275915831e-01 6.454514305307762490e-01 1.067949390479604604e-01 3.485427116348523979e-01 6.256401500529085169e-01 7.541965312839090663e-01 2.974390688349276904e-02 7.253987086358346659e-01 8.369487253365869295e-01 8.017021251529925507e-01
2.543442635644941774e+00 1.123772015313797779e+00 1.624267018427998144e+00 2.610204336721875379e-02 5.067884857220090744e-01 5.211220686699195026e-01 3.401102830136976674e-01 1.900006216368480105e+00 2.315275831504934878e+00 1.217856666578568531e-01
4.402452698333854109e-01 6.774694774560162669e-01 1.494501277110276694e-01 6.247970661464427033e-01 9.666370941493267477e-01 5.432223066334328720e+00 1.497425517095122283e-01 3.117586640102905718e-02 3.516465010620691278e-01 1.940511469147437884e+00
1.260131703031053041e+00 3.402053694845235676e-01 7.219958397236876380e-01 6.220509662745690171e-01 9.437036130277169643e-02 2.691467716008303590e+00 5.467753539017432551e-01 7.088399049439910726e-01 1.434649670928179521e+00 5.175156123533390939e-01
1.267354237346301593e+00 1.585497997580058993e-01 2.150685575279899786e-01 1.043196746676849224e-01 1.659378614371893601e-01 7.759017619970264290e-01 4.553040713059544053e-01 1.325538321526466889e+00 2.973541573952796502e-01 5.133889641060060960e-01
1.084157205531403323e-01 1.865530076562369743e-01 4.355657702953923405e+00 1.144822150179294340e+00 1.075296536312095652e+00 1.470232058707852341e+00 7.748891755861243846e-02 7.877910664712245437e-02 3.623597846629535990e-01 1.999189376541977703e+00
8.106156305866704104e-01 1.624757553441225910e-01 4.998721599013515871e-01 2.252248541766194989e-01 1.413441070270040067e-01 8.801868517800172098e-01 3.539921654654512029e-01 1.760827454746649368e+00 2.715628516150246696e+00 4.847948712154019346e-01
1.984249688282319291e+00 1.068539517798462013e+00 2.833850390848140499e-01 1.613255526633526338e-01 9.864672613706485516e-01 1.622627843125136415e+00 1.317337178604648606e+00 4.292075269681044247e+00 2.016329956382022504e-01 1.618188818083798192e-02
2.504247965096435991e+00 5.743718007878826359e-01 4.035288618790252579e-01 9.044327929777815633e-01 2.153534424817587500e-01 5.087550372687238420e-02 7.035919264723345945e-01 8.357827247282674232e-01 4.534584822407887739e-01 6.654815266798577156e-01
5.017542125368941175e-01 7.871202564028034754e-02 1.608738850879471993e+00 3.437898604222386911e-01 4.087550679491832595e-01 3.618448639124061117e+00 6.316071313390593245e-01 3.149703195915336956e-02 2.193606601339761486e+00 1.405295512921741485e-01
2.018839795748344379e+00 9.004760346807361149e-01 2.093674339518791783e-01 2.051685817690417579e+00 3.588944146480236297e-01 6.030198986766442948e-01 5.621857037849620209e-01 2.247676145273328707e+00 1.846442429427183951e+00 3.905039800018672014e-01
4.189451588420317063e-01 1.587797293241349772e+00 1.922989590134896787e+00 1.367837939931521474e+00 7.222560795376793408e-01 5.240891076363590750e-01 2.518506519979368252e-01 2.901570174090844390e+00 2.653090989583128945e+00 1.034384766311630399e-01
4.639680602156556199e-01 2.187929366775055381e-02 1.068538229631796899e+00 2.334359188421064601e+00 1.009839433634557443e-01 5.609289004144180080e-01 6.401944703545721094e-01 1.009522628534276212e-01 9.504562152052001833e-01 1.589396621239265103e-02
2.712199524696588870e+00 2.749148344340500927e+00 3.480652523300533097e-01 9.749603535462704473e-02 1.046241802883191463e+00 3.001265627351108911e+00 2.728622661029950769e-01 6.252400558392051666e-02 1.039471128328641747e+00 8.430357718739317496e-01
1.544468357611785025e+00 1.439351207729105520e+00 5.787314563071867646e+00 1.516204827661458143e+00 7.773068961337260829e-02 6.536556683627950948e-01 6.581068477287345120e-01 3.989141813016589544e-01 3.043634915171105071e-01 7.793991066756245090e-02
7.424662019300171112e-01 5.765642282893764792e-01 1.664636553739036184e+00 6.233510188903593763e-01 1.580540348846859233e+00 4.395759414878505078e-01 8.567974737339283109e-02 4.339164351510531037e-01 1.041328985245554284e+00 2.041827143795720723e+00
8.446712291942511941e-01 7.363751897881713748e-02 7.932027993676484812e-01 3.003490007215382437e-02 2.884280326664229399e+00 1.934156899429509413e-02 2.951083417617835977e-02 2.553143961819089869e-01 3.853638708675263258e-01 3.580578835525991543e-01
3.361165744818694012e+00 2.886574324535811975e+00 3.197443481899533979e-01 5.725358040135249960e-01 3.323206068482618125e-01 1.847966151991864148e-01 5.292025015887237283e-01 6.045711674362679311e-01 1.491648515121941632e+00 1.693760649799480156e+00
1.780072767417387736e-01 1.851424390154614796e+00 1.705349339071770220e+00 4.135537734845011748e+00 2.856007130994721033e-01 7.571766249477776545e-02 1.860771510345022028e-01 9.253502741731141068e-01 1.848700308312923313e-01 1.500864276083754056e+00
1.020033328420731022e+00 1.476546425179900701e-01 2.212875033249431134e+00 3.901458091441386000e-01 1.059890022164451245e-01 1.135695891615859709e+00 5.998931258063604915e-02 5.941698963940603706e-01 6.639700643788515322e-01 1.975618584286413792e+00
3.964917988072105270e-01 1.509621066591325111e-01 2.782353849965839565e-01 1.042163606587906133e-01 1.084977084407422326e-01 3.506961881636320166e-01 4.588988187032436855e-03 1.817263105837405801e+00 1.359042728202695782e+00 3.581484907468260870e-01
5.413241380169544481e-01 2.059715832315243578e+00 1.764401888961478093e+00 1.233995596548416729e-01 1.266189695690828343e-01 1.850255718293424723e+00 4.882506190204872198e-01 2.626574764923693128e-01 4.271427208497760031e-01 2.684689949289398747e+00
2.154718554526025454e+00 6.931289913543356995e-01 1.705633683466331707e+00 6.393900742794496050e-01 7.989490081416837641e-02 2.536167641681119189e+00 1.254019344667797409e+00 4.362545317490569285e-01 3.717671261622768064e-01 1.160701887890920547e+00
5.554747806227897655e-01 1.001886489995561097e-01 1.010584395565489624e+00 4.715725984554053896e-01 1.622536206227024602e-01 8.286956802331842953e-01 6.414137395785257656e-02 1.992915186466430510e+00 1.430337015596941486e+00 5.088058232396958092e-01
3.748893147333186016e-01 5.127770355045111472e-01 1.046546898353212018e+00 8.561602072792323659e-02 5.462648391002352666e-01 1.445279704254345043e+00 4.321505249087885803e-01 2.339495960297950372e-01 1.892989416456156926e+00 2.648768810950627439e-01
5.139342309888444982e-01 1.817402851165485611e+00 8.765809279248583386e-02 8.302563754356937498e-01 1.711135708711635450e+00 1.836155202864253821e+00 9.241056954837049142e-01 2.818243468673153895e+00 2.298270528088676157e-01 2.215036913008268937e-01
1.850194795175265305e+00 3.005816030831996333e+00 3.641686306388329519e-02 2.476879396819844092e-01 1.010153823271857876e+00 4.356820515417501039e-01 1.021637872742841013e+00 1.271644212962598441e+00 6.996601334784369186e-01 2.725346480687350081e-01
5.977816270747142724e+00 3.353158542913935447e-01 1.682994100360784229e+00 2.981096960795877604e-01 7.665638650933961351e-01 1.703431351997620968e+00 7.938496011541775754e-01 8.041488349422661885e-01 4.235330371369003810e-01 1.912559680353836278e+00
4.760089303215542245e-01 6.422884248238384108e-01 3.544824979927234110e-01 2.930279038156542004e+00 7.423474135685724160e-03 3.746364395877087999e-02 1.736124524980453776e+00 5.243502639289266964e-01 1.264200525823527821e-01 2.484750155924324300e-01
1.718332374494355053e+00 4.223973673231036785e-01 1.392385341420349976e+00 9.726827481478211856e-02 1.050536224449871492e+00 2.938695395294385282e+00 1.369350459998155412e-01 2.579983572310798334e-01 2.648712547367435555e-01 2.734970525905117800e+00
1.405860852520342874e+00 2.597028636167467930e+00 5.926896575515736565e-01 6.382892361245050550e-01 9.499159217029840008e-01 5.748687945755407647e+00 8.339872819598024289e-01 1.334812348995863651e+00 5.210152927269292578e-01 1.845280754355566932e+00
1.741379344708613719e-01 2.565306463785962610e+00 6.043489345656644085e-01 4.812837610910899455e-01 1.454953354692577749e-01 2.431661589244876187e-01 5.541229977536237250e-01 7.760801919826936235e-01 7.844724792583193662e-02 1.498861279055268891e+00
3.481006672709208161e-01 8.749244016891850606e-01 6.257050068905982421e-02 4.139259650284796699e-01 7.957342438433709919e-01 7.343705215012795717e-01 1.524910129034373618e+00 1.410449870291980767e+00 1.011137854333272745e+00 2.453794844372320649e-01
3.438709709010989268e+00 1.696640350866521096e+00 6.564770982023578894e-01 3.603703829900408717e-01 3.490102471357459657e-01 6.583078837329481292e-01 3.242645821673610373e-01 1.172454612650483119e+00 1.587677149816937971e+00 2.111523110709087603e-01
5.864150212631327186e-01 4.371792074324705735e-01 5.353759135535214320e-01 3.628603085631822434e-01 3.766130645169484259e-01 7.378574308499383783e-01 2.478497789903097714e-01 2.588840512978531905e-01 1.552200684712612133e-01 3.295449627017599803e-01
6.495576868351535804e-01 1.693362196923905438e-01 4.107345583246549969e-01 2.001434006977640845e+00 2.283462244928189389e+00 9.155761145517041233e-02 1.287821637882387682e+00 1.030946410126171581e-01 8.839854239812861003e-02 4.624756973680072547e-01
7.800311146547490582e-01 1.040740952339485492e+00 7.209620633383773125e-02 6.534500420929778564e-01 1.338974927416799243e+00 2.627017495415232551e-01 3.538270908012322025e-01 2.268712993575175751e+00 6.035982432419345622e-01 5.844954149133564369e-01
7.396013208922980198e-01 1.131256182228791651e+00 6.645065539871594096e-01 3.039773888068583840e+00 1.446570081235600158e+00 8.689740201769659278e-02 1.703662724513776539e+00 4.351280761967109556e-01 1.785722674092513895e-01 2.537257975164806667e-01
2.214555467434292657e-01 1.512710425026201788e+00 1.272143593075015122e+00 1.647863239792181300e+00 2.718423290069353904e-01 1.952600496807681774e+00 7.163245248912880614e-01 1.776922234719556792e+00 4.884081370765592567e+00 1.133690269860729627e+00
2.276263516502004869e+00 6.170641467263279084e-02 4.130353916865828201e-01 2.273770979838130479e+00 6.489617212180220918e-02 3.157262157949720649e-01 4.119201167831230137e-01 3.671038097906437425e+00 6.079834819888414454e-01 2.167090049550941533e+00
1.320173678663757455e-01 1.470184643406389657e+00 1.391902177343741442e+00 7.658793768233946864e-01 1.546242018133060503e+00 1.013340755131701298e+00 1.371767592752858311e+00 6.330536638026632579e-01 3.253790014061868630e-01 7.703312186335253831e-01
1.669797559085515193e+00 7.749550618095688570e+00 6.579357125296795283e-01 5.652090257958104491e-01 1.101798763516057544e-01 2.107222671365738820e-01 2.423207931909828083e+00 5.942911148828440293e-01 3.585120009940795383e-01 2.077433654330762269e-01
2.013363180856274082e-01 5.295762376375328095e-01 2.880496929807490059e-01 4.407982265113907228e-01 2.024082906533900772e+00 1.106821549938891591e+00 1.131434973008245803e+00 4.035000959488725947e+00 7.640699433684828845e-01 1.012883494873577872e+00
2.018184962864733478e+00 7.758810867257879273e-01 3.554040731641169848e-01 2.606177370850415453e-01 2.915793223137150281e-01 8.144902689521382744e-01 7.161929349615381302e-01 3.118344757024991143e-01 5.225007425744966350e-01 3.826937992611067485e-01
4.734086375953668324e-01 1.520191637311732347e+00 9.149275051295349126e-01 1.410038275033032917e+00 1.245050862628259924e+00 5.793319934887294353e-01 6.412499620250108334e-01 3.418732979760163992e-02 5.691388132212232831e-01 7.992013394063042231e-01
1.338521171163691736e+00 2.240013402098828710e+00 3.873477405188884948e+00 8.435416497525579649e-01 1.130831747308870483e+00 5.096691866636822166e-01 5.533275714266161494e-01 3.499744443614520861e-01 7.995312273817307691e-01 3.038662964152367627e-02
1.597829835906519891e-01 4.052474233157752903e-01 1.308478925851779828e-01 2.615811130859946321e-01 1.235079444918414371e+00 1.226631180468924276e+00 2.417900537137107619e-01 2.764878365646650682e+00 2.280678519523395842e+00 1.862999447047543056e+00
1.206897806654215533e+00 2.624539424960814049e+00 3.214994156206261305e-02 4.283832278720992592e-01 3.139110489283462035e-01 1.422052119885010013e+00 1.926336986903175008e+00 3.842778813147316619e+00 2.027224795866753304e+00 2.864578638846549286e+00
4.440065294137074403e-01 1.043586801497141003e+00 8.350665754888768610e-01 1.681526281465013595e+00 2.793261976564696825e-02 4.546315162364237827e-01 2.264030619164131064e+00 9.769023062655288747e-01 1.027402166889176183e+00 1.340399226464666249e+00
1.173242020092027271e+00 8.857059156950488621e-01 6.192469180716505539e-01 2.450145563404701743e-01 2.378233577422713407e-01 1.331336636831480513e+00 3.978018856835952022e-01 3.558789904605378918e-01 1.775967099684886197e+00 3.149040116063163808e+00
2.615684816735868723e-01 3.453333739245069367e+00 5.735347968880462055e-01 8.507027871168564293e-01 1.897324486138233235e-01 7.961369568126006602e-01 1.081919345813739275e+00 1.798223584713862344e+00 6.196414864148590551e-01 5.416553571873232720e-01
1.299559223832719990e-01 8.637180380029830795e-01 5.537322737019988866e-02 6.847607410938393036e-02 1.228032926147401449e+00 8.940568723899089409e-01 9.274322505719604370e-01 1.047986492225321697e+00 9.507949090525290581e-01 4.969118423286409958e-01
9.333699496727828615e-01 7.831400482235078009e-01 1.009806878531660512e-01 8.637504639933194506e-01 4.432722520012155609e-01 6.863153078000833185e-01 1.636685977523087143e-01 8.058199456278572481e-02 1.340417144735748911e+00 9.476396556283515071e-01
4.499006597727170376e-01 5.665850317369205413e-01 1.613111025493256356e+00 2.539683038783082214e+00 1.102556786526229571e+00 2.756710580172107572e-01 6.603039064253569679e-01 3.092924318122083349e+00 2.807345346217293702e-01 7.908488488035474440e-01
4.389612935958989715e-01 2.528938644176288886e+00 1.863991828158948483e-01 1.682990690071505480e+00 1.223787349945255204e-01 8.718561371187509845e-01 9.856311996414901522e-01 9.819342940517856722e-01 1.611999980378981734e+00 3.601901520672003421e-01
1.138177512628112675e-01 3.574455497814706950e-01 5.224710594445720169e+00 9.103291027800595181e-01 8.000329929241288551e-02 1.172690145043450184e-02 1.178186388057592016e+00 2.036234676536770594e-01 7.051387109094582328e-01 1.108766178031602156e-01
1.029021237097941688e+00 7.289781258416336840e-01 2.021416519215329249e-02 2.917127807511726151e-03 1.939567888536462004e-01 6.065413210175162328e-01 4.954621012325884366e-01 9.842751100986572022e-01 3.038595585572088087e-01 1.265137970975837245e+00
5.484663755856616918e-01 1.024785870326919257e+00 9.265435866608531246e-01 1.936141644461503719e-01 6.447764709331677002e-01 5.945577037871394577e-01 6.523446918571352837e-01 3.853887508175004029e-01 1.114055678046657061e+00 8.045401141065102735e-01
5.451022280748242521e-02 1.448677092194109894e+00 7.017738695785706755e-03 3.506272765012960146e+00 4.124519330130491213e+00 1.027092771608777988e-01 1.559156942122147171e+00 7.830249502359163394e-01 1.672705626441727544e-01 8.646014614256264386e-01
2.155183750764896544e+00 1.352666092165518252e+00 2.640246154239773158e-01 1.150260315447590331e+00 3.734840726812641565e-01 4.302444749869003271e-01 4.646536055388897912e-01 5.196651787629464003e+00 8.006699587535036633e-01 1.550027955467304097e-01
6.883148329018948797e-01 2.460095532322736367e-01 1.397609205748910344e-01 1.292933793920179486e+00 8.954073811541981565e-01 3.775210542403806963e-02 1.319523355366343020e+00 1.800522348976259512e-01 3.540871441361255201e-01 2.874007566696337723e-01
1.954694434427106109e-01 9.924284535793631568e-02 6.032938891868040443e-01 2.277389208043124835e+00 2.611921963809340497e-01 7.652555982141918678e-01 1.089600882806677218e+00 5.761814066848982563e-01 1.918449155505232984e+00 7.625207139375125287e-01
1.520471322325327002e+00 4.092226039404290305e-01 1.139171464334632622e-01 8.715115413365412400e-02 1.721609221174182469e+00 2.026800974259718391e+00 1.079179172831703726e+00 2.464579575785212917e+00 6.603559295678537167e-01 1.403695444204967169e+00
6.369959063503394248e-01 1.552820604849192376e+00 1.683224010958207062e+00 7.531963250810649324e-01 1.541033442017432087e+00 9.415976989227224925e-01 2.130343380749265325e+00 2.358021522839061079e-01 4.969799758667948208e-01 7.378236562098503537e-01
2.233167485864314961e-01 4.872638617708408004e-01 2.433599215806990512e-02 1.391444195540070705e+00 2.890457846643031958e-01 3.749014048417777523e-01 2.202194099113702064e-01 1.765998113798376457e+00 1.085575682301018891e-02 1.908020506885365897e-01
7.238682418350687042e-01 1.791872686299120110e+00 9.983509926910600907e-01 2.476938318489949054e-02 1.453265315280458880e+00 4.209226077412825950e-01 4.502193578609735986e-02 1.062599309435242834e+00 4.916958333462196351e-01 1.347004856568228215e+00
8.022646511643435341e-01 3.325418299121346011e-01 3.203701394779037148e-01 5.712025753756998503e-01 7.260756003265214087e-01 5.977140729686838405e-01 1.206724393057170275e+00 1.712676272169896707e+00 3.849188351983709455e-02 8.842226300980713383e-01
1.193230629521791153e+00 1.019969069553252755e-01 1.322629926801185130e-01 2.569237888619788079e-01 1.466747478238452418e+00 1.089824344442359205e+00 3.083424442466305981e-01 1.025653257090292980e+00 9.154647003143738804e-01 8.061806590169985354e-01
5.152997502810943153e-01 1.364419847200608382e+00 9.882947891624827008e-01 8.824162539848487974e-01 4.260204807831061147e-02 2.210039552533125562e+00 4.993224348890546449e-01 2.634822119541589958e-01 5.270368577512238861e-01 9.353859974288368795e-01
6.595594070069986659e-01 9.355408488535242595e-02 8.448869068266673388e-02 9.972921994919889954e-01 1.325091703140963473e+00 1.612755644758822049e+00 1.293572856369680224e-01 1.397315652609373959e+00 5.672243429870327258e-02 5.429508390387463579e-02
1.209462578577070735e+00 2.154268228177474320e+00 4.678101864995966030e-01 7.683272530481222162e-01 2.014900291799119447e+00 4.188837643766017971e-01 1.334242106002973216e+00 1.480527346265638443e-02 1.339174678502120353e+00 1.118469158866206348e+00
5.671087446501313911e-01 1.527519431602196720e-01 7.741351819084353325e-01 1.006383225788406305e-02 7.949126259421347707e-02 1.098201378182714905e+00 8.254282256147814634e-01 5.109087595972737761e-01 2.036962793343463085e-01 1.265448718126410133e-01
9.311913072053255025e-01 1.232015445345452931e-01 1.880813796165026641e+00 6.319471336684049367e-01 1.109992023171347597e+00 4.752757147388079750e-01 1.565158348245782483e+00 2.839900777287170941e-01 4.928308829765550847e-01 4.379606063175535802e+00
1.034286391688310269e+00 4.013353686599109571e-02 6.854959755417777689e-01 2.333539776508127606e+00 1.450728740932602789e-01 2.447832841371639367e-01 1.111674383524564463e-01 1.853947116214277768e+00 4.995988362479485828e-02 5.632618041920433027e-01
2.681850645140429479e-01 1.983467628352986845e+00 1.543663296291498899e+00 5.029048132517115466e-01 1.123354215698427971e+00 9.392000112371344800e-01 6.398374422597387090e-01 3.602904053419302977e-01 5.478754056641658154e-01 7.715018698311051359e-01
2.221407059622420466e+00 6.963873213238118420e-02 2.429892240490127628e-02 1.526142915989766036e-01 2.223144000519727381e+00 7.616585682927370926e-02 8.193578555433200794e-01 3.626703610251186483e+00 2.390606318661327556e+00 6.457049168618786972e-01
1.088268169259681423e-01 2.518071907149351252e-01 1.365510617983913821e+00 5.733589154398293086e-01 2.522995768864981780e+00 1.049734223905964603e+00 3.153129916664481613e-01 3.333471451100607497e-01 7.790355041113925516e-01 1.133865204684101791e+00
1.219533698135058852e+00 1.020915219085237607e-01 2.399267933818189924e-01 2.329423768827821872e-01 3.064669634161056866e+00 1.401824670655123839e+00 1.106713877067691199e+00 1.891994720600754576e+00 8.403920900857753118e-02 3.722540975830109788e-01
4.994551082502073774e-02 2.521493994891506052e+00 5.963045210745213653e-01 7.608882653017955411e-01 5.438845513850795177e-01 2.942926577392596110e-01 1.137921972065019327e+00 8.706945933656435876e-01 5.820120027828363379e-02 3.834357674006640126e-02
2.899194754382518724e+00 1.045143214990466252e+00 2.835977456579664713e-01 2.521430924708565890e-01 1.776376940495167700e+00 1.007072317394413913e-01 1.110545699285158672e-01 1.841929428263324175e-01 2.398704397775774655e-01 3.827385776658858707e-01
9.586607422215946972e-01 2.916992432457138004e-02 3.442463384222739509e-02 2.222035225688150650e-01 3.498274820923266137e+00 6.253959202700350994e-01 3.954653638487012901e-01 1.743899499881429671e+00 2.506840566691323491e-01 1.208477426980298780e-01
2.900147111640596798e+00 1.073565320525635025e+00 5.143225484688916660e-02 1.600157353811861860e+00 4.874044203382175700e-01 1.131457826530346988e+00 7.129884464933627930e-01 7.499673114359607373e-01 2.195902784743542835e+00 7.433544567988494001e-02
7.736979725727581858e-01 4.418951328216498275e-01 3.474636379654523766e-01 9.439807769187761322e-01 9.069895280256617953e-01 4.571487872121128504e+00 2.724102160705538900e+00 5.813643365578882172e-01 1.923443302285698653e-01 1.527005625237080610e-01
2.463455545358971488e+00 1.161208655510089560e+00 7.871851326245869751e-03 4.841389738771604279e-01 7.813556476115172122e-01 3.984645303984624132e-01 6.869554046379331425e-01 4.641697701678592081e-01 6.088882916011152391e-01 4.008480026360871085e-01
6.173791669892678691e-01 3.878471262271023234e-01 2.811398435143879215e-01 2.340769908163820856e-01 6.470562923087330720e-01 2.110802921724597603e+00 3.345778904831354428e+00 6.206352995754941260e-01 2.193575740212207748e-01 7.045618814967886667e-01
4.383576186962470089e+00 8.616725889387231163e-01 2.419449083975070969e-01 1.859007619840999381e-01 1.383343013402198000e-02 3.495814862752827379e-01 4.675102440002399717e+00 1.732408692715946330e+00 7.726342112895472070e-02 1.438034305032918292e+00
2.993983869739856862e-01 7.926877211316226690e-01 1.124670840543333661e+00 3.579626724258080372e-01 1.705566183170667216e+00 3.107050362528075982e-01 2.902196049956795587e-01 1.257439732886232453e-01 9.800062903079967969e-01 7.815003941899595352e-01
