3.400453826016614500e-01 1.237307259945125415e-01 1.204083101423407909e+00 8.702200756496549783e-01 7.197317450135508332e-02 3.831979371904168929e-01 1.227928823870700209e-01 8.420153181247042040e-01 6.652628982010433401e-02 2.491971120686084507e-02
1.201191441421335160e+00 3.568313655359138248e-01 2.232281109898372889e-02 8.481298671800671096e-01 2.007823176004249754e-01 2.822441991832623231e-01 2.123233092673312061e+00 1.150807922472812717e+00 4.790400976735817995e-01 3.323207323296280435e+00
4.711684107656829434e-01 4.244583997646929951e+00 1.726587330795272546e-01 1.113845287142757767e+00 4.158333971125939277e-01 1.870829447400362000e-01 5.074720884213991257e-01 5.732551429584406000e-01 3.564752488516557266e-02 1.204275898295567027e+00
1.707526859705397415e+00 6.060349003870594276e-01 7.055269843588096723e-01 9.434508473970962816e-01 2.403992506756241099e+00 9.144621542944405546e-01 1.677850588307551849e+00 2.170058733763935432e+00 6.021161523990626457e-02 1.034717757256327531e+00
1.989387379039886661e-01 1.876715735525389117e-01 3.758915448523210134e-01 2.258070902028398663e+00 1.566981921663176125e-01 9.201216652538550533e-02 6.797518192954852267e-01 3.883942152935341285e-01 4.336571199430541701e-01 2.985963008515248873e+00
2.591221553000854438e+00 2.307097659308006699e-01 6.268772429603696184e-01 2.344873316765895832e-01 1.411300211727010423e-01 1.669712068798637539e+00 6.568432354427794495e-01 5.553219399669461209e-01 3.692188061357124962e+00 8.750897203331187146e-01
2.324944909817618033e+00 1.803603263711441029e-01 1.010169721228379336e+00 6.864376317976035313e-01 2.172076584253277876e+00 2.660768276897929496e+00 5.904419977033305983e-02 1.580494291507761051e-01 8.466613817928832220e-02 3.536885245417670243e-02
2.400467696237464643e-01 1.286803908266917817e+00 3.909922754402328504e-01 1.604887008384809466e+00 1.836321376921933091e+00 8.385477703264160310e-01 1.448919475589320216e+00 3.098033771470470210e+00 8.014315278050826441e-01 1.839985392757358396e+00
9.089812215931358796e-02 1.409214717237552428e+00 1.204758923582457397e+00 2.003295889527237084e-01 4.070745956703618329e-02 1.705576731399415902e+00 2.217826160011677206e-01 3.214596135888832529e-01 1.249809527409760257e+00 1.692968647234163460e-01
8.817664325835878891e-01 1.236182204056840844e-01 6.384808334869587765e-02 5.063864823015930966e-02 2.820406861757298045e-01 1.796202712477124042e+00 7.334153878560285555e-01 5.457765992635497110e-01 3.589020056052108498e-01 1.437273449937446657e+00
2.267493516998033698e+00 1.406704591200776511e+00 3.525587964101081773e-01 5.407952456153127807e-01 3.138866146548764946e-01 1.991913285835557046e-01 4.369394079744413517e+00 3.516131243681078211e-01 1.183138107962524055e+00 2.128865600782546608e+00
2.208534427585613358e+00 2.907032874437855963e-01 3.280758393396166483e-01 5.835166944195790961e-01 1.619831436471866226e+00 5.226631486903531298e-01 1.126921207949422854e-01 1.294292042622878225e-01 1.092043880062134154e+00 5.426979271851321007e-01
1.186859973207738950e+00 9.793055226249189893e-01 4.892522719594389002e+00 3.809197967428744613e-01 1.570996582372985673e+00 3.301410203477208594e-01 1.500587047781578864e-01 5.361883332580267281e-01 9.937879706469111563e-01 1.329316619980803527e+00
1.065456626732355083e-01 1.284539260696609286e+00 5.437190881046614077e-01 9.729176861779996743e-01 1.568374171326575306e+00 1.594692431194042470e-01 2.162948572416759863e+00 2.220818745004120576e-01 9.201648800665217509e-01 1.220520813685020300e+00
1.920106149753808999e+00 6.379666508163159833e-01 1.316754175212006883e+00 1.485368549037800356e+00 3.214668987916014853e+00 6.833139491955025902e-02 4.443652773291851821e-01 1.007925632989023823e+00 4.929657269723548563e-01 1.521337663935279361e+00
1.843928377849280570e-02 2.772960866302663363e-01 3.691525293767299321e-01 2.322162182998254831e+00 1.178708271275093145e+00 7.826151817892298412e-01 1.707249497875886313e+00 2.148698224812591595e-01 9.470306627338691274e-02 2.816303644934706196e-02
8.335621858875797985e-01 6.559259029211976788e-01 3.357205608249850259e-01 3.824403857369246262e-01 5.198712610492788322e-01 1.576278003527737726e+00 5.045861708326256911e-01 2.071740661804116201e-01 1.318529210307279653e+00 8.891283967993075521e-01
2.279411785695610870e-01 5.061696916913127620e-02 2.343639367828480591e+00 7.372325673456746331e-02 2.542248075693338105e+00 1.585639484750407613e+00 9.376789705421740839e-01 2.731739083516749655e+00 3.578199509900267805e-01 1.411890620990958189e-01
5.946953927600741319e-02 3.395827315798782275e-01 4.184854294804866370e+00 3.683198613141100974e-01 4.691155070589817649e-02 2.724294548244452496e-01 2.570210014203648252e-01 4.027017516999741864e-01 1.148461220604930055e+00 3.341685856321126025e-01
8.523134244678070015e-01 1.214827247569556068e+00 4.729165816740218631e+00 1.258285479026541309e-01 3.387366905489933716e-02 5.317765028285981188e-01 4.966057989489234270e-01 8.472995541166027378e-01 1.663866129967070506e+00 4.338568998006865907e-01
3.317759465760009796e+00 1.707782863337584112e-01 8.416521463875623610e-01 6.745192230565797420e-01 2.980780389255257123e+00 4.477756443278899656e-01 2.848934376463643781e-01 1.451987528840028796e+00 1.720157693651878539e+00 9.300694167317219430e-01
1.437241288301070785e+00 1.220605585201111509e+00 7.366594419828926821e-01 7.016159101895463879e-01 1.473299814974013584e-02 2.120026984874081144e+00 6.255050638049481915e-01 4.950844353160634981e-01 8.626745320345474699e-02 7.392593631445738556e-01
4.502833016796630172e-01 4.963377320081729938e-01 4.250990865816960396e-01 1.774602155806093817e+00 1.286544206713024829e+00 1.314948358716129917e+00 1.425725274780339502e-01 9.699239492935444185e-01 1.062957004064816191e+00 9.514600015626420992e-01
1.448899479840486171e+00 1.793479303825981919e-01 3.841102984911367035e-01 4.744914855105598073e-01 9.660006884974875474e-01 8.202077262850788753e-01 1.772095173379995003e+00 1.067606560943486826e+00 5.089356119893684305e-01 9.180099965932199124e-01
9.156321493988441862e-01 9.273834325697184466e-01 8.688716912665641612e-01 3.944503213081369530e-01 1.124394553457263995e-01 5.622870249607927473e-01 1.354276862344772625e-01 8.960097786320655455e-01 2.616282073087238036e+00 9.867014432699194870e-02
8.210995144681969282e-02 5.834678515930897813e-01 1.344050846244858322e-01 3.610433003468426771e-01 4.641393626310468812e-01 3.353759256487141016e+00 1.896121460236845913e+00 1.079266090240474707e+00 2.315897212701902574e-01 2.738817670261155079e+00
1.100562284209839037e+00 1.473687985601803030e+00 7.021586944034749478e-02 6.877925879364896744e-01 7.023010013330045487e-01 2.033794117164192006e+00 3.158814490237776273e-01 1.611377772371976658e+00 1.865884394458334317e+00 4.912607138016375496e-01
1.302395385451069920e+00 3.196250942008461715e-01 1.889625144984171445e+00 1.111017160893827294e+00 8.444923401079466041e-01 4.769213857628312736e-02 1.483447721465182889e+00 3.222064499617738886e-01 2.281631012051998642e-01 2.051497931515935125e-01
1.582805734755343696e+00 1.088853648400339491e+00 8.767990591863499272e-01 1.568459437420208769e+00 7.040541370155844803e+00 6.480516253672398141e-01 1.068889820269840335e-01 4.034618553157144905e-01 2.362558909137180696e-01 1.168286201186147233e+00
5.163830098080884889e-02 1.724007867546722972e+00 4.144180461515671321e-01 2.086070224465732259e-01 5.912689598838161142e-01 2.795807597985172643e-02 4.027440742696556386e-01 1.564450761979140347e+00 5.974570016891599389e-01 1.101944394873799915e+00
6.199668638789691544e-01 1.270993035021942941e+00 2.487758287631020249e+00 2.928119996494373267e-01 1.824998400460409453e-01 3.687915509833313843e-01 2.343153645481582004e+00 1.096175364413010112e+00 1.045163357513373970e-01 8.377933097853053346e-02
6.624153172419727786e-01 1.682460080622988574e+00 1.782591341425657505e-01 2.069119152270746109e-01 1.082499269686402865e+00 8.004821733461929822e-01 2.176343370234435082e-01 2.134411545496640861e-01 3.561343319779417538e-01 2.144140219836590422e+00
3.578415633784440164e+00 7.672375367597061846e-01 1.213374593863173923e+00 3.253542100080639710e-01 4.601850936867542957e-02 4.643091171238564741e-01 3.275302137387365864e+00 2.597517533488014951e+00 6.785551350788743274e-01 7.316134979882525924e-01
1.900859834624012493e-02 1.413890308517317396e-01 1.533352690146225994e+00 1.305480590937253105e+00 1.363199320643600221e-01 2.733979443075781543e-02 7.758005851921225514e-03 2.753032848499098462e-02 4.255114583705268960e-01 2.717534128424806128e-01
5.932235284771972816e-01 5.136688945572278620e-01 3.074392904096810708e-02 8.914351949182897084e-02 1.042731952156871866e+00 6.947208127083289719e-01 6.473087941576982640e-01 1.035620469243204278e+00 7.178040885455172493e-02 4.663954176669740104e-01
2.334207544516204269e+00 1.949430771894714587e+00 5.884593876678547719e-01 4.596383844376168010e-02 5.338227870340455511e-02 1.673964870029098995e+00 1.845638978669588703e-01 1.150353577034562980e+00 2.782110308510478802e+00 3.773816224930902630e-01
6.881912368811586855e-01 5.872140746362646269e-01 3.991021095372591976e+00 4.095530539423666294e-01 1.921647478804245149e-02 1.124757944198851112e+00 5.300040664968459492e-01 2.494222665319681675e-01 8.183385543589366540e-01 2.623384173950689124e+00
2.174827133578804972e-01 1.193852142374892955e-01 2.623546102447337283e-02 4.799111417408385427e-01 2.887474843870067032e-01 9.386580578098156769e-02 4.866830814506425185e+00 8.359812916131179050e-02 4.396553889760091982e-01 3.326042418269287704e-01
1.180572109972052086e+00 9.671586990427138986e-01 9.184612965858544031e-01 9.907269871307225473e-02 8.509342024268011784e-01 2.933092774810385286e-02 2.572029693525065275e-01 2.781792492915384774e-01 2.648945521642324330e+00 1.034251714598507510e+00
1.552468257658828232e+00 1.833587672995923734e+00 1.450245170740559475e+00 6.014894041767360200e-01 7.703126964525348619e-01 1.092546603187814602e+00 1.756608817735903383e+00 4.036679196393533897e-01 7.878260600815224501e-01 9.728989699641661382e-01
3.225860756417530117e-01 1.256756156821441095e-01 9.836383481394427308e-01 1.215018662460923826e-01 2.753365072642728340e+00 8.536958466424084957e-01 8.987171920708812711e-02 1.922045996428986436e+00 3.243750250189509354e-01 8.814872773179812659e-01
1.844378451939995722e+00 1.191704638958234863e+00 3.719532589419793034e+00 6.073647997052477043e-01 7.563605168583984462e-01 6.473027573014101810e-01 3.872375594878793015e-01 8.147733091594459021e-01 6.249523730791813891e-01 2.861499223240912548e-01
5.920665021532684619e-02 4.124166917312552944e-02 4.116605653386008479e-01 9.957237678049353502e-02 3.997039577345954608e+00 1.631150492249495432e-01 3.409347912097169253e-01 1.305054954265134404e+00 1.706874286228403426e+00 1.535932068141301121e+00
1.744368126249034034e-01 5.745789250506629919e-01 8.093262496767618733e-03 8.043872559399640743e-01 6.042501876327700805e-02 8.929724154917147994e-01 1.638451719046726263e-01 1.638405461602328028e+00 6.864688707295509007e-02 8.851963690488754422e-01
6.551412507292581067e-01 2.436097668614274625e-01 2.692853674735387060e-01 7.943963277402735779e-01 1.497267788021361845e+00 1.098496049515364392e+00 2.086032385034893299e-01 6.021187430381819833e-02 2.153265920014835633e+00 2.010877752918684980e+00
4.221015610599531676e-01 3.735070992705313841e+00 1.237597367170813811e+00 4.814711022449218447e-01 5.237269539629748616e-01 3.937013816077108874e+00 8.264559542916509738e-01 1.532403296896311662e-01 4.536386693660073299e-01 1.959516385797692162e-01
5.645649805474587390e-01 2.340818371439805090e-01 4.657889526043497708e-01 5.807133226295305706e-01 4.532365853895230501e-01 1.223595411244954745e+00 1.846551394257159862e-01 2.188480575205787204e+00 2.331786269798727107e-01 3.438493828583886192e-01
3.009091854723068213e-02 5.137768547705050537e-01 5.513898487160567852e-01 9.198325480502130003e-02 1.717100674046186937e+00 3.029047804910615094e-01 1.669298134376899334e+00 3.441971223856684758e-03 2.224476457201106872e+00 4.656870261926625787e+00
1.150539337569893572e+00 6.661007145604934399e-02 2.320223230080173948e+00 6.938944144879957143e-01 2.744286276432009952e+00 3.471258841093612796e-02 4.868153286606792807e-01 1.064490131830433395e+00 2.530827505372675867e-01 3.263447399520554709e-02
6.094829707229959537e-02 6.057288334537611618e-01 8.680154966567286134e-01 3.383460374350447109e-02 2.015818662821885265e+00 7.399800080377770151e+00 7.830200442571769726e-01 1.977066556727094415e+00 6.511685788119110363e-01 4.075778226989416608e-01
9.744228496259578209e-01 1.148789730266599696e+00 1.545827396822306299e-01 7.932140979382451551e-01 2.617325147533836049e-01 1.707875450764497538e+00 2.585290329585217539e-01 8.981617352997519621e-01 3.076625901326832224e+00 1.057709209900426828e+00
1.062706147649564725e+00 9.129352871558318316e-01 8.439671629543976650e-01 1.636799641337075006e-01 1.607412811529611019e-01 5.247389459544091750e-01 5.709307821703579755e-01 1.819079641369387934e+00 6.789540198401395887e-01 2.191164467897963153e+00
2.560705363144566982e-01 8.145445428926375575e-01 1.317366395040017735e-01 1.023349391102202466e+00 7.979418705828060787e-01 4.396536540230276402e-01 7.225436064876843423e-01 1.205930234568959314e+00 2.849634294466763418e+00 2.206555536541622953e+00
4.582720017879136631e-01 7.853031234242249803e-02 1.724341598215981819e-01 3.895888922182924041e-01 1.068396048010001209e+00 1.519891623549544324e+00 3.095177741712485942e-01 1.841590221596739241e+00 2.970987691820527576e+00 1.500852346763469569e+00
2.631864002745856190e+00 1.900013399575863071e-01 4.709049256407463191e-02 2.557179152280071865e-01 1.038630529819509207e-01 5.171285229208441026e-01 8.763414046941839786e-01 6.754139120341181579e-01 1.079439096246359808e+00 5.467138344661952587e-01
4.697853505976533062e-01 7.608567040265687420e-02 1.127081254925543369e-01 9.020684652820093463e-02 2.470747546345596568e+00 1.261307531461627107e+00 1.504700458079875347e-01 1.292087300789902748e+00 1.259727904485310690e+00 4.739392766800198248e-02
1.036602195010035032e+00 1.503652464145248002e+00 5.329243215209393814e-01 2.471946257251323165e-01 5.522112181697174105e-01 2.244125652360861256e+00 8.484106181095020238e-01 7.123955241722180753e-01 3.562616364363389021e-01 7.676647516143656480e-01
5.799673128069668948e-01 2.457636054241540968e+00 9.303410718896025777e-01 5.907872382758035945e-01 4.488735701002922185e-01 5.909110235124136468e-01 2.877366794354534463e-01 1.669357107634848569e+00 6.461353275620428382e-01 1.798403689410384310e+00
1.303402157576994957e-01 1.153064853986502714e+00 5.620538433741191220e-01 2.134565931730123989e+00 1.149677930759750888e+00 3.834698907384170852e-01 1.046734410649386160e-01 1.450128806172774842e+00 4.462178362634271478e-01 9.585473902695952342e-01
4.108686624293337863e-01 5.050707529703318821e-02 1.804988295484793781e+00 1.230075273407311931e+00 2.459877572478015584e-01 1.742514332987625189e-02 4.361199901651531541e-02 1.935627701591101923e-01 8.349871102558231728e-01 1.410583434192597352e+00
2.953541503388291467e+00 1.218807183009956718e+00 4.004298979133445457e-01 7.067342018562582373e-01 4.506572385424189031e-01 1.236974809277193721e+00 4.016407014853137225e-01 1.699501148207216650e+00 1.391254517059884233e+00 2.230372719192997621e+00
2.619410855379780429e-03 4.077600202361262305e-01 9.716838144589361459e-01 1.683666005957424883e+00 2.167762759124710337e-01 7.936504454702867362e-01 2.169200513135189912e+00 1.797944223913143125e+00 1.485149150043445498e+00 1.507614874605951172e-01
1.414328117489379144e+00 6.032179033057590845e-01 1.193692121149785956e+00 1.897738052857925739e+00 3.183022475576474664e-01 5.608817892391644300e-01 2.528904489831768632e-01 1.800415169797653592e+00 2.376018111874357019e-01 2.695612123803448612e-01
2.068814395075029733e+00 2.751076704265286166e-01 1.049507643510216193e+00 9.362664302387035953e-01 1.178574916981699694e+00 2.492437604938291251e-01 1.477656950934627123e+00 7.985590089703958894e-01 6.912203453728852365e-01 1.275000720534273047e+00
3.104672471352193930e-01 2.918962230186030182e-01 2.308529290384045071e-02 6.293054124517308834e-01 8.292810127018894750e-01 1.070389170144477431e+00 1.837452626348127449e+00 2.433002059894206204e-01 8.911327772944551695e-01 1.399567902497423466e+00
1.838372013282372208e-01 1.417775853979980960e+00 1.948149564758331564e+00 3.906577442835250658e-01 4.110444780089418160e+00 1.555505223228521583e+00 4.576337104277550250e-01 1.833462181426847581e-01 1.009593667928298188e+00 2.386107155325042362e-01
3.356135026378885389e+00 9.658821631724160417e-01 3.027262422145702292e+00 1.386019467274485661e+00 9.000858099654345246e-01 2.031501061465596614e+00 5.620816366688444754e-01 1.674126093554596739e+00 2.356606732253802017e-01 2.781170429411117251e+00
1.156074779937382307e-01 5.746638797997577486e-01 2.804255677419725257e-01 3.430837922502107951e-01 2.315108640392755657e+00 1.815969377212544700e+00 3.015129272364745816e+00 1.534272156260638731e-01 5.169945272439079309e-01 2.236231170283902170e-01
4.652531482835465249e-01 8.445377439113721518e-01 9.190182891276160726e-01 3.280015810993602843e-02 1.437824349942114222e-01 1.513093774887863452e+00 5.181361123990997353e-01 1.916510057167089442e+00 1.905012120948396559e+00 3.610616098932839524e-01
2.910709051769038602e+00 2.094578513700963818e+00 1.542430771521544175e+00 2.153318298934704611e+00 8.969159898595432390e-01 5.223307372874643750e-01 9.470554104618020830e-01 1.093757389846757411e+00 1.049036667895639985e+00 3.488678309807224376e-01
2.021953593459163923e+00 1.338014935953959483e+00 1.659493572970496267e-01 2.282411123890141502e-01 1.020738691894862216e+00 7.535297456373147851e-01 2.737483226248898505e-01 1.315631052559927072e+00 3.572786451613524372e-01 1.438844892063075198e+00
5.328938953546924484e-01 1.917479486782189380e+00 3.058257504150412309e-01 2.083642028867218166e+00 2.206553443859716523e+00 7.034411891454221966e-01 5.019531762438877998e-01 1.984536640645348238e-01 7.947929469337575714e-01 1.854766843739625581e-01
6.153338568596069535e-01 3.058618254694643657e+00 1.077415155698592253e+00 4.467062407676674618e-01 2.601808454574980001e+00 7.046859418685657017e-01 5.399213755102490186e-02 2.630479119765929408e+00 2.557207864074011017e+00 3.099430542312717196e-01
1.631147371902032239e-01 1.846143078895512879e+00 2.297050866639002376e+00 1.327876183409304689e+00 4.092866217823815100e-01 1.740703296921257026e+00 5.524387341464557011e+00 2.242395887214484684e+00 2.874493636369983562e-01 1.974062372409173816e-01
1.420496033464619945e+00 1.423263638865415737e-01 1.838144166455048634e+00 6.258127812047142857e-01 1.018713247237666319e+00 2.900544573545362770e+00 2.541753075263505912e-01 4.504386434561750141e-01 3.278782646734929029e-01 2.118993903201294327e+00
1.355141747705544075e+00 3.399196537146384478e-01 5.759623984790493978e-01 2.782419695734678622e-01 7.474731142812967022e-01 2.193270382361182769e+00 4.592959354840027153e-01 1.129058555833758026e+00 4.096187340858641057e-03 1.139704401335663198e+00
2.208817315959267447e+00 3.178370879171553143e-01 2.184045295174376733e+00 6.601301012007811941e-01 5.274830872252305181e-01 6.176395224670254702e-01 8.052583832576066802e-01 9.464132189345075830e-01 4.268649665847842556e+00 3.815585156530171274e-01
1.612287943870999829e+00 3.491871427910716030e-01 2.526069948239348495e+00 1.079354441268968456e-01 1.258917240900558551e-02 1.864205572993896110e-01 2.080643105391148939e-01 4.368925773190333928e+00 6.911576776351827656e-01 9.280511666711935836e-01
1.980267674902505895e-02 1.778810451346803045e+00 2.627110654691817149e-01 8.751135971721094586e-01 3.013989107030071057e+00 7.856168474396814094e-01 3.933488497931596495e-01 9.087587682723129445e-01 5.007654770644600628e-01 3.863193818703980487e-01
2.072159851758095528e-01 2.653102209304367687e+00 3.227369056171797812e+00 1.963426966763173742e-01 3.524682031381227709e-01 3.641304486930090900e-01 1.647511377326123627e+00 2.004788749688059535e-01 3.073008045453344828e+00 2.502386322366348725e+00
